0	0	0.299058	-1.17495e-21	
0.01	0.000273324	0.297406	0.000346486	
0.02	0.000511782	0.294351	0.000465381	
0.03	0.000751576	0.28984	0.000342746	
0.04	0.000989124	0.283821	7.37209e-05	
0.05	0.00122476	0.276292	-0.000300071	
0.06	0.00145863	0.267264	-0.0007434	
0.07	0.00169144	0.256748	-0.0012286	
0.08	0.00243296	0.245912	3.87789e-05	
0.09	0.00391883	0.237078	0.00395369	
0.1	0.00594652	0.233508	0.00650197	
0.11	0.00896695	0.235507	0.00651308	
0.12	0.0124681	0.2396	0.00566508	
0.13	0.0159583	0.243468	0.0045352	
0.14	0.019452	0.246549	0.00340691	
0.15	0.0228996	0.249027	0.00229921	
0.16	0.026229	0.250876	0.00131493	
0.17	0.0297719	0.252143	0.000371686	
0.18	0.0330456	0.25233	-0.000375348	
0.19	0.0364386	0.25312	-0.00133403	
0.2	0.039505	0.253822	-0.00265991	
0.21	0.0422896	0.254301	-0.00428061	
0.22	0.0448072	0.254542	-0.00606643	
0.23	0.0470467	0.254672	-0.00767515	
0.24	0.0490307	0.255015	-0.00898588	
0.25	0.0510958	0.256385	-0.00998316	
0.26	0.0532357	0.257358	-0.0109464	
0.27	0.0554139	0.257266	-0.0117491	
0.28	0.0575996	0.255971	-0.0123847	
0.29	0.0596958	0.253192	-0.0129213	
0.3	0.0614719	0.249539	-0.0132718	
0.31	0.0628939	0.246398	-0.0135918	
0.32	0.0640035	0.248036	-0.0148081	
0.33	0.0648163	0.249187	-0.0157111	
0.34	0.0651983	0.249837	-0.0161711	
0.35	0.065329	0.249841	-0.0163901	
0.36	0.0662545	0.251148	-0.0155937	
0.37	0.0680923	0.254869	-0.0138645	
0.38	0.0702357	0.258634	-0.0116349	
0.39	0.0723087	0.261196	-0.00950754	
0.4	0.074441	0.262703	-0.0076194	
0.41	0.0766795	0.263323	-0.00608531	
0.42	0.0792631	0.263764	-0.00531778	
0.43	0.0819743	0.26419	-0.00478407	
0.44	0.0846985	0.264604	-0.00433373	
0.45	0.0874375	0.264988	-0.00393585	
0.46	0.090168	0.265358	-0.00356023	
0.47	0.0928653	0.265738	-0.00315566	
0.48	0.0955399	0.266121	-0.00272636	
0.49	0.0982371	0.266422	-0.0023191	
0.5	0.100936	0.266683	-0.00189078	
0.51	0.103638	0.266897	-0.00143018	
0.52	0.106346	0.267051	-0.000948704	
0.53	0.109065	0.267144	-0.000471381	
0.54	0.111805	0.267158	-1.88666e-05	
0.55	0.114573	0.267078	0.000401818	
0.56	0.117374	0.266889	0.000788502	
0.57	0.120216	0.266576	0.00113555	
0.58	0.123103	0.266126	0.0014394	
0.59	0.126047	0.265509	0.00169082	
0.6	0.129054	0.264707	0.00188685	
0.61	0.132126	0.263701	0.0020229	
0.62	0.135265	0.262477	0.00209857	
0.63	0.138471	0.261022	0.00211274	
0.64	0.141745	0.259318	0.0020643	
0.65	0.145086	0.257344	0.00195163	
0.66	0.148493	0.25508	0.00177456	
0.67	0.151975	0.25246	0.00152546	
0.68	0.155428	0.248998	0.00115221	
0.69	0.158857	0.244576	0.000680906	
0.7	0.161972	0.243554	0.000269902	
0.71	0.16482	0.243579	-0.000312065	
0.72	0.168092	0.244103	-2.81181e-06	
0.73	0.17178	0.245831	0.00147076	
0.74	0.175345	0.246696	0.00284759	
0.75	0.178778	0.246605	0.00412623	
0.76	0.181941	0.24579	0.00514268	
0.77	0.184987	0.244458	0.00564842	
0.78	0.187572	0.244149	0.0056753	
0.79	0.189689	0.244676	0.00555396	
0.8	0.191373	0.245099	0.0054831	
0.81	0.192859	0.245955	0.0053839	
0.82	0.194634	0.24675	0.00556456	
0.83	0.196441	0.247447	0.00574555	
0.84	0.198233	0.248079	0.00589467	
0.85	0.199999	0.248661	0.00600413	
0.86	0.201736	0.2492	0.0060648	
0.87	0.203468	0.249711	0.00612114	
0.88	0.205144	0.250265	0.00620376	
0.89	0.206742	0.250951	0.00634222	
0.9	0.208355	0.251286	0.00660078	
0.91	0.209923	0.251448	0.00687674	
0.92	0.211449	0.250994	0.00731353	
0.93	0.213125	0.250708	0.00756503	
0.94	0.214912	0.250062	0.00796261	
0.95	0.216465	0.248347	0.00861499	
0.96	0.217744	0.245586	0.00951955	
0.97	0.219539	0.24355	0.00978799	
0.98	0.220915	0.243005	0.0101629	
0.99	0.221245	0.243446	0.0110822	
1	0.221768	0.244383	0.011636	
1.01	0.223431	0.245896	0.0120162	
1.02	0.225107	0.246197	0.0123337	
1.03	0.226448	0.246124	0.0129816	
1.04	0.227318	0.246355	0.0139713	
1.05	0.229525	0.248604	0.0132012	
1.06	0.231924	0.250212	0.0123425	
1.07	0.234187	0.251074	0.0119068	
1.08	0.236204	0.251828	0.0119475	
1.09	0.238113	0.251969	0.0121942	
1.1	0.239944	0.251753	0.0125637	
1.11	0.241742	0.251324	0.0129913	
1.12	0.243511	0.250748	0.0134495	
1.13	0.245247	0.250066	0.0139196	
1.14	0.246819	0.249834	0.0142493	
1.15	0.248431	0.249738	0.0143991	
1.16	0.250106	0.249625	0.0145318	
1.17	0.251855	0.249495	0.0146538	
1.18	0.253684	0.249369	0.0147627	
1.19	0.255584	0.249268	0.0148693	
1.2	0.257554	0.249184	0.0149743	
1.21	0.259592	0.249169	0.0150593	
1.22	0.261673	0.249256	0.0151424	
1.23	0.263776	0.24935	0.0152041	
1.24	0.26591	0.249457	0.0152435	
1.25	0.268068	0.249586	0.0152578	
1.26	0.270249	0.249739	0.0152465	
1.27	0.272447	0.249916	0.0152102	
1.28	0.274656	0.250129	0.015143	
1.29	0.276872	0.250372	0.0150476	
1.3	0.279089	0.250642	0.0149246	
1.31	0.281306	0.250943	0.0147735	
1.32	0.283531	0.251226	0.0146168	
1.33	0.285767	0.25153	0.0144375	
1.34	0.288006	0.25187	0.0142279	
1.35	0.290231	0.252255	0.0139825	
1.36	0.292438	0.252695	0.0136973	
1.37	0.294623	0.253194	0.0133706	
1.38	0.296772	0.253748	0.0130028	
1.39	0.298889	0.254362	0.0125931	
1.4	0.300984	0.254676	0.0121669	
1.41	0.303178	0.255128	0.011804	
1.42	0.305331	0.255753	0.0113609	
1.43	0.307408	0.256333	0.0108068	
1.44	0.309489	0.25645	0.010305	
1.45	0.31169	0.256366	0.00990246	
1.46	0.314095	0.256367	0.00967632	
1.47	0.316557	0.256425	0.00943223	
1.48	0.319033	0.256498	0.00917539	
1.49	0.32145	0.256275	0.00878896	
1.5	0.324036	0.255804	0.00866577	
1.51	0.326794	0.255331	0.0086256	
1.52	0.329664	0.254872	0.00859058	
1.53	0.332604	0.254415	0.0085613	
1.54	0.335542	0.253931	0.00853965	
1.55	0.338477	0.253404	0.00853234	
1.56	0.341414	0.252811	0.00854628	
1.57	0.344366	0.252141	0.00858695	
1.58	0.347337	0.251377	0.00866001	
1.59	0.350331	0.250499	0.00877206	
1.6	0.353356	0.249489	0.00892897	
1.61	0.356415	0.248329	0.00913605	
1.62	0.359513	0.247022	0.00938799	
1.63	0.362652	0.245525	0.00970315	
1.64	0.365844	0.243783	0.010098	
1.65	0.36908	0.2418	0.0105587	
1.66	0.372356	0.239586	0.0110923	
1.67	0.375669	0.237114	0.0116968	
1.68	0.379019	0.234374	0.0123711	
1.69	0.381211	0.234679	0.0124743	
1.7	0.382864	0.235656	0.0125366	
1.71	0.38423	0.236493	0.012602	
1.72	0.385358	0.236919	0.0126705	
1.73	0.386357	0.236803	0.0128046	
1.74	0.386952	0.237505	0.0129936	
1.75	0.38764	0.23805	0.0132534	
1.76	0.388532	0.238832	0.0133412	
1.77	0.389893	0.239796	0.0132332	
1.78	0.391551	0.240426	0.0131995	
1.79	0.393499	0.240704	0.0132286	
1.8	0.395651	0.240583	0.0133747	
1.81	0.397924	0.240001	0.0136679	
1.82	0.4001	0.239691	0.0139202	
1.83	0.402035	0.239851	0.0140437	
1.84	0.403947	0.23999	0.0141666	
1.85	0.405826	0.240123	0.0142544	
1.86	0.407676	0.240257	0.0143339	
1.87	0.409515	0.240389	0.0143975	
1.88	0.411335	0.240522	0.0144471	
1.89	0.413142	0.240656	0.0144849	
1.9	0.414933	0.240796	0.0145062	
1.91	0.416704	0.240942	0.0145124	
1.92	0.418476	0.241027	0.0145315	
1.93	0.420191	0.24121	0.0145278	
1.94	0.42186	0.2414	0.0145725	
1.95	0.423465	0.241596	0.0146921	
1.96	0.424996	0.241804	0.0149044	
1.97	0.426482	0.242023	0.015175	
1.98	0.428053	0.242008	0.0154932	
1.99	0.429633	0.242287	0.0158072	
2	0.431074	0.242662	0.0161173	
2.01	0.43255	0.242991	0.016363	
2.02	0.434066	0.243248	0.0165542	
2.03	0.435615	0.243436	0.0167078	
2.04	0.437179	0.243557	0.0168115	
2.05	0.438745	0.243615	0.0168661	
2.06	0.440304	0.243611	0.0168728	
2.07	0.441857	0.243546	0.0168156	
2.08	0.443355	0.243426	0.0167138	
2.09	0.444762	0.243265	0.0165848	
2.1	0.446128	0.243056	0.0164411	
2.11	0.447456	0.242798	0.0162912	
2.12	0.448746	0.242488	0.0161355	
2.13	0.449981	0.242148	0.0159847	
2.14	0.451173	0.241488	0.0159378	
2.15	0.452511	0.241235	0.0157357	
2.16	0.454062	0.241575	0.0156667	
2.17	0.455657	0.241939	0.0156785	
2.18	0.457319	0.242212	0.0157362	
2.19	0.459057	0.242422	0.0158116	
2.2	0.460879	0.242613	0.0158937	
2.21	0.462779	0.242789	0.0159862	
2.22	0.464748	0.242955	0.0160923	
2.23	0.466869	0.243236	0.0161175	
2.24	0.468922	0.243414	0.0161468	
2.25	0.471032	0.24347	0.0162424	
2.26	0.473149	0.243554	0.0163434	
2.27	0.474632	0.243864	0.016297	
2.28	0.475983	0.244517	0.0163789	
2.29	0.477081	0.245251	0.0165596	
2.3	0.477331	0.245548	0.0164326	
2.31	0.477254	0.245899	0.0162855	
2.32	0.476594	0.246022	0.015857	
2.33	0.475729	0.246134	0.0153996	
2.34	0.474619	0.246397	0.0149495	
2.35	0.473195	0.246612	0.0144302	
2.36	0.471223	0.246559	0.0138424	
2.37	0.4688	0.246488	0.0132146	
2.38	0.466039	0.246433	0.0125711	
2.39	0.462752	0.246246	0.0118567	
2.4	0.459501	0.246143	0.0113111	
2.41	0.456186	0.246155	0.0107447	
2.42	0.453181	0.246522	0.0103399	
2.43	0.450965	0.247541	0.010224	
2.44	0.449526	0.249022	0.0104128	
2.45	0.448533	0.250408	0.0108385	
2.46	0.447601	0.250612	0.0113871	
2.47	0.44625	0.250472	0.0118582	
2.48	0.444582	0.251944	0.0119317	
2.49	0.443243	0.253556	0.0123331	
2.5	0.442377	0.255236	0.0129293	
2.51	0.441841	0.256692	0.0134926	
2.52	0.441597	0.25793	0.0139673	
2.53	0.441714	0.259386	0.0145451	
2.54	0.442173	0.261093	0.0151683	
2.55	0.442871	0.262911	0.0158277	
2.56	0.443778	0.264826	0.0165211	
2.57	0.444902	0.26684	0.0172518	
2.58	0.44623	0.268936	0.018015	
2.59	0.446941	0.269596	0.0198037	
2.6	0.447456	0.268706	0.022111	
2.61	0.447843	0.26635	0.0247408	
2.62	0.448416	0.264344	0.0268864	
2.63	0.449174	0.262747	0.0284061	
2.64	0.450104	0.261188	0.0294095	
2.65	0.45121	0.259644	0.0298924	
2.66	0.452501	0.258105	0.0298644	
2.67	0.453983	0.256548	0.0293672	
2.68	0.455675	0.254895	0.0286929	
2.69	0.457579	0.253096	0.027953	
2.7	0.45973	0.251244	0.0271244	
2.71	0.462134	0.249195	0.0262515	
2.72	0.464795	0.246967	0.0253101	
2.73	0.467706	0.244545	0.0242948	
2.74	0.470863	0.241905	0.0232054	
2.75	0.473445	0.242303	0.0230771	
2.76	0.475625	0.242987	0.0230289	
2.77	0.477651	0.243459	0.022872	
2.78	0.479707	0.243667	0.0226824	
2.79	0.481795	0.243809	0.0224361	
2.8	0.483856	0.243944	0.0221574	
2.81	0.485861	0.244088	0.0218514	
2.82	0.487807	0.244247	0.0215221	
2.83	0.489699	0.244416	0.0211702	
2.84	0.491536	0.244598	0.0207945	
2.85	0.493329	0.244765	0.0203881	
2.86	0.495069	0.244945	0.0199536	
2.87	0.496755	0.245143	0.0194908	
2.88	0.498386	0.245357	0.0189996	
2.89	0.499978	0.245474	0.0184906	
2.9	0.501554	0.24468	0.0181626	
2.91	0.503006	0.243438	0.0178581	
2.92	0.504233	0.242604	0.0175324	
2.93	0.505229	0.242579	0.0170263	
2.94	0.50607	0.244063	0.0162183	
2.95	0.507051	0.245474	0.0154904	
2.96	0.508242	0.246369	0.0149104	
2.97	0.509571	0.246988	0.0144308	
2.98	0.510985	0.247477	0.0140635	
2.99	0.512447	0.247889	0.0138316	
3	0.514013	0.247919	0.0138013	
3.01	0.515631	0.247397	0.013913	
3.02	0.517037	0.248085	0.0136293	
3.03	0.51851	0.248613	0.013416	
3.04	0.520083	0.248906	0.0132711	
3.05	0.521692	0.249049	0.0131658	
3.06	0.523292	0.249099	0.0130891	
3.07	0.524872	0.24908	0.013033	
3.08	0.526428	0.249001	0.0129912	
3.09	0.527956	0.248867	0.0129596	
3.1	0.529452	0.248684	0.0129349	
3.11	0.530915	0.248455	0.0129146	
3.12	0.532413	0.248668	0.0131213	
3.13	0.533962	0.249008	0.0132018	
3.14	0.53565	0.249458	0.0132119	
3.15	0.537364	0.249737	0.0131108	
3.16	0.539154	0.250018	0.0129289	
3.17	0.541006	0.250306	0.0126783	
3.18	0.542873	0.250655	0.0123797	
3.19	0.544751	0.250997	0.0120676	
3.2	0.546648	0.251323	0.0117434	
3.21	0.54857	0.251622	0.0114103	
3.22	0.550512	0.251913	0.0110564	
3.23	0.552544	0.252045	0.0106924	
3.24	0.554645	0.252407	0.0103146	
3.25	0.556764	0.252756	0.00989037	
3.26	0.558908	0.253098	0.00943574	
3.27	0.561083	0.25344	0.00896343	
3.28	0.56329	0.253787	0.00848443	
3.29	0.56553	0.25414	0.00801026	
3.3	0.567797	0.254495	0.00756197	
3.31	0.570106	0.25485	0.00713966	
3.32	0.572471	0.2552	0.00674156	
3.33	0.574894	0.255537	0.00637367	
3.34	0.577388	0.255862	0.00603113	
3.35	0.579946	0.256193	0.00571826	
3.36	0.582533	0.256561	0.00542483	
3.37	0.585117	0.256951	0.00512657	
3.38	0.587691	0.257364	0.0048178	
3.39	0.590252	0.257799	0.00450383	
3.4	0.592808	0.258251	0.00418111	
3.41	0.595353	0.258682	0.00387071	
3.42	0.597884	0.259193	0.00353457	
3.43	0.600343	0.259814	0.00315144	
3.44	0.602718	0.260544	0.00273976	
3.45	0.605067	0.261268	0.0023771	
3.46	0.607456	0.261948	0.00199676	
3.47	0.609807	0.26269	0.00159577	
3.48	0.612113	0.263491	0.00117972	
3.49	0.614377	0.264339	0.000753777	
3.5	0.616651	0.265076	0.000328061	
3.51	0.618982	0.265808	-6.08618e-05	
3.52	0.6213	0.266544	-0.000451285	
3.53	0.62361	0.267273	-0.000839212	
3.54	0.625922	0.267982	-0.00122006	
3.55	0.628242	0.268656	-0.00159126	
3.56	0.63058	0.269283	-0.00195013	
3.57	0.632943	0.26985	-0.00229333	
3.58	0.635338	0.270341	-0.00261722	
3.59	0.637775	0.270745	-0.00291849	
3.6	0.640261	0.271045	-0.00319426	
3.61	0.642805	0.271225	-0.00344079	
3.62	0.64546	0.270879	-0.00367727	
3.63	0.648197	0.269158	-0.00406565	
3.64	0.651069	0.26696	-0.00413668	
3.65	0.654005	0.267763	-0.0033094	
3.66	0.657042	0.26819	-0.00283835	
3.67	0.660127	0.267834	-0.0025754	
3.68	0.663298	0.26696	-0.00240418	
3.69	0.666544	0.265663	-0.00220078	
3.7	0.669897	0.26402	-0.00197306	
3.71	0.673358	0.262058	-0.00171042	
3.72	0.676926	0.259826	-0.00138574	
3.73	0.680599	0.25723	-0.00102863	
3.74	0.684369	0.254245	-0.000637405	
3.75	0.688228	0.250823	-0.000233044	
3.76	0.691947	0.247913	-0.000102002	
3.77	0.694621	0.248433	-0.000209826	
3.78	0.696932	0.249014	-0.000276902	
3.79	0.698898	0.249501	-0.000288198	
3.8	0.700394	0.250081	-8.99211e-05	
3.81	0.701786	0.250889	-0.000243487	
3.82	0.703624	0.251592	-0.000714158	
3.83	0.705586	0.251971	-0.00103001	
3.84	0.707393	0.252541	-0.00132704	
3.85	0.709196	0.253094	-0.00162002	
3.86	0.710991	0.253616	-0.00187632	
3.87	0.71278	0.254113	-0.00209739	
3.88	0.714563	0.254588	-0.00228522	
3.89	0.716304	0.255084	-0.00242812	
3.9	0.718039	0.25561	-0.00256838	
3.91	0.719782	0.25612	-0.00269219	
3.92	0.721525	0.256604	-0.00277923	
3.93	0.723266	0.257064	-0.00283105	
3.94	0.725008	0.2575	-0.0028483	
3.95	0.726913	0.257543	-0.00276573	
3.96	0.728886	0.257398	-0.00262182	
3.97	0.730449	0.258105	-0.00256913	
3.98	0.732108	0.25865	-0.00248434	
3.99	0.733826	0.25905	-0.00234738	
4	0.735556	0.259362	-0.00219096	
4.01	0.737164	0.259359	-0.00212175	
4.02	0.738734	0.258234	-0.00214353	
4.03	0.740344	0.256008	-0.00230858	
4.04	0.742262	0.253871	-0.00220571	
4.05	0.744555	0.255699	-0.00110313	
4.06	0.746724	0.257358	-0.00011211	
4.07	0.748831	0.258113	0.000652249	
4.08	0.750778	0.258392	0.000998408	
4.09	0.752535	0.258412	0.00109368	
4.1	0.754128	0.258291	0.00106099	
4.11	0.755489	0.258087	0.000921471	
4.12	0.75672	0.25782	0.000757227	
4.13	0.757898	0.257485	0.000619305	
4.14	0.75902	0.257092	0.000512266	
4.15	0.760065	0.256673	0.000419022	
4.16	0.761015	0.256207	0.000348142	
4.17	0.762505	0.256208	0.000194499	
4.18	0.764192	0.256399	-0.000144308	
4.19	0.765983	0.256634	-0.000480418	
4.2	0.767854	0.256941	-0.00081408	
4.21	0.769813	0.257256	-0.00112735	
4.22	0.771859	0.257582	-0.00142691	
4.23	0.773946	0.257917	-0.00171133	
4.24	0.776101	0.25827	-0.00197893	
4.25	0.778354	0.258641	-0.0022308	
4.26	0.780702	0.259032	-0.00246596	
4.27	0.783109	0.259449	-0.00267887	
4.28	0.785589	0.259887	-0.00287021	
4.29	0.788124	0.260345	-0.00303982	
4.3	0.790668	0.26084	-0.00318181	
4.31	0.793208	0.261358	-0.00330719	
4.32	0.795748	0.261944	-0.00339074	
4.33	0.798295	0.262545	-0.00345795	
4.34	0.800854	0.263162	-0.00350604	
4.35	0.80341	0.263806	-0.00353012	
4.36	0.805972	0.264491	-0.0035221	
4.37	0.808532	0.265237	-0.00346958	
4.38	0.811035	0.265949	-0.00343427	
4.39	0.813539	0.266707	-0.00336154	
4.4	0.816051	0.267518	-0.00324967	
4.41	0.818525	0.268298	-0.00315017	
4.42	0.820929	0.268995	-0.00308223	
4.43	0.823315	0.269665	-0.00301191	
4.44	0.825699	0.270339	-0.00292406	
4.45	0.828081	0.270997	-0.00283249	
4.46	0.830498	0.271596	-0.0027649	
4.47	0.832951	0.272165	-0.00270004	
4.48	0.835464	0.272708	-0.00263927	
4.49	0.838013	0.273101	-0.00265366	
4.5	0.840625	0.273477	-0.00265945	
4.51	0.843229	0.273854	-0.00265804	
4.52	0.845815	0.274227	-0.00265685	
4.53	0.848393	0.274585	-0.00266163	
4.54	0.850988	0.274906	-0.0026825	
4.55	0.853593	0.275177	-0.00272521	
4.56	0.856193	0.275396	-0.00278974	
4.57	0.85881	0.275564	-0.00287799	
4.58	0.861464	0.275642	-0.00300797	
4.59	0.864149	0.275617	-0.00318363	
4.6	0.866868	0.27549	-0.00340501	
4.61	0.869636	0.275235	-0.0036828	
4.62	0.872457	0.274837	-0.00402148	
4.63	0.875328	0.274288	-0.00442331	
4.64	0.878269	0.273563	-0.00489614	
4.65	0.881279	0.272644	-0.00544375	
4.66	0.884369	0.271502	-0.00607119	
4.67	0.887534	0.270134	-0.00677905	
4.68	0.890797	0.268513	-0.00756862	
4.69	0.89408	0.266355	-0.00845346	
4.7	0.897587	0.26423	-0.00936025	
4.71	0.901142	0.261797	-0.0103824	
4.72	0.904741	0.25899	-0.0115033	
4.73	0.908394	0.255807	-0.01271	
4.74	0.912104	0.252235	-0.0139918	
4.75	0.915522	0.249187	-0.0150429	
4.76	0.917228	0.250065	-0.0150917	
4.77	0.918116	0.252185	-0.0148069	
4.78	0.918931	0.253635	-0.0145564	
4.79	0.919703	0.254721	-0.0145479	
4.8	0.920375	0.25546	-0.0147561	
4.81	0.920856	0.255235	-0.0149502	
4.82	0.921157	0.253944	-0.0150965	
4.83	0.921268	0.251598	-0.0151951	
4.84	0.921794	0.249603	-0.0153039	
4.85	0.92304	0.248188	-0.0151504	
4.86	0.924458	0.247813	-0.0149094	
4.87	0.925905	0.24687	-0.0146877	
4.88	0.927442	0.247024	-0.0145666	
4.89	0.92905	0.246054	-0.0142227	
4.9	0.930523	0.246447	-0.0143301	
4.91	0.93218	0.246124	-0.0141707	
4.92	0.932611	0.246853	-0.0139663	
4.93	0.933024	0.248701	-0.0140387	
4.94	0.933737	0.251576	-0.0146258	
4.95	0.935054	0.254516	-0.0152179	
4.96	0.936668	0.256102	-0.0155985	
4.97	0.938081	0.257601	-0.0157316	
4.98	0.939186	0.25916	-0.0158924	
4.99	0.940458	0.259741	-0.0161749	
5	0.941989	0.260399	-0.0163313	
5.01	0.943446	0.26107	-0.0163847	
5.02	0.944989	0.261462	-0.0163734	
5.03	0.946465	0.261977	-0.0162987	
5.04	0.948008	0.262417	-0.0162845	
5.05	0.949602	0.262272	-0.0161631	
5.06	0.951253	0.262496	-0.0160812	
5.07	0.95305	0.262452	-0.0160071	
5.08	0.955114	0.261145	-0.0157629	
5.09	0.95746	0.258393	-0.0153336	
5.1	0.95977	0.255758	-0.0150597	
5.11	0.9623	0.252591	-0.014863	
5.12	0.964032	0.251788	-0.0140035	
5.13	0.964167	0.254891	-0.0134066	
5.14	0.964329	0.257141	-0.0133135	
5.15	0.96453	0.258332	-0.0136146	
5.16	0.964962	0.258866	-0.0141623	
5.17	0.965915	0.259119	-0.0146735	
5.18	0.967378	0.259161	-0.0151417	
5.19	0.969043	0.259223	-0.015581	
5.2	0.970826	0.259298	-0.016018	
5.21	0.972703	0.259374	-0.0164589	
5.22	0.974626	0.259436	-0.0169379	
5.23	0.976549	0.259456	-0.0174442	
5.24	0.978473	0.259463	-0.0179793	
5.25	0.980429	0.259502	-0.0185382	
5.26	0.982358	0.259581	-0.0191163	
5.27	0.984343	0.259603	-0.0197794	
5.28	0.986257	0.258981	-0.0206505	
5.29	0.988254	0.259458	-0.0212495	
5.3	0.99024	0.259913	-0.021901	
5.31	0.992223	0.260253	-0.0225927	
5.32	0.99422	0.260549	-0.0233195	
5.33	0.996219	0.260839	-0.0240784	
5.34	0.998207	0.261143	-0.0248696	
5.35	1.00018	0.261486	-0.0256974	
5.36	1.00211	0.261869	-0.0265652	
5.37	1.004	0.262315	-0.0274746	
5.38	1.00584	0.262824	-0.028426	
5.39	1.00762	0.263393	-0.0294205	
5.4	1.00936	0.263927	-0.0304652	
5.41	1.01111	0.264423	-0.0315013	
5.42	1.01285	0.265001	-0.0325619	
5.43	1.01456	0.265648	-0.0336576	
5.44	1.0162	0.266333	-0.0347889	
5.45	1.01779	0.266989	-0.0359673	
5.46	1.01936	0.267491	-0.0371434	
5.47	1.02105	0.268116	-0.0382939	
5.48	1.02276	0.268708	-0.0394465	
5.49	1.02446	0.269248	-0.0406238	
5.5	1.02617	0.269857	-0.0417621	
5.51	1.0279	0.270343	-0.0428923	
5.52	1.02968	0.270797	-0.0440196	
5.53	1.03148	0.271301	-0.0451525	
5.54	1.03329	0.27185	-0.0462823	
5.55	1.03513	0.272424	-0.0474051	
5.56	1.03699	0.273028	-0.0485116	
5.57	1.03894	0.273683	-0.0495722	
5.58	1.04098	0.274396	-0.0505812	
5.59	1.04306	0.275076	-0.0515727	
5.6	1.04518	0.275714	-0.0525225	
5.61	1.04733	0.276288	-0.0534415	
5.62	1.04952	0.276783	-0.0543261	
5.63	1.05175	0.277186	-0.0551716	
5.64	1.05404	0.277489	-0.0559679	
5.65	1.05639	0.277689	-0.0567199	
5.66	1.05879	0.277777	-0.0574252	
5.67	1.06126	0.277723	-0.058072	
5.68	1.06382	0.2775	-0.0586534	
5.69	1.06648	0.277104	-0.0591674	
5.7	1.06922	0.276504	-0.0596282	
5.71	1.07207	0.275714	-0.0600008	
5.72	1.07502	0.27472	-0.0603011	
5.73	1.07803	0.273447	-0.0605518	
5.74	1.08116	0.271891	-0.0607201	
5.75	1.08443	0.270088	-0.0607747	
5.76	1.08781	0.267995	-0.0607318	
5.77	1.09128	0.265581	-0.0605951	
5.78	1.09484	0.262823	-0.060354	
5.79	1.09848	0.259693	-0.0600037	
5.8	1.10218	0.256162	-0.0595465	
5.81	1.10592	0.252201	-0.0589822	
5.82	1.109	0.249976	-0.0588875	
5.83	1.11076	0.250544	-0.0590045	
5.84	1.11207	0.251139	-0.0590703	
5.85	1.11324	0.251646	-0.0590895	
5.86	1.11426	0.252097	-0.0590457	
5.87	1.11514	0.252523	-0.058941	
5.88	1.11598	0.252949	-0.0587703	
5.89	1.11688	0.253201	-0.0584497	
5.9	1.11784	0.253443	-0.0580129	
5.91	1.11891	0.253693	-0.0575557	
5.92	1.12006	0.253939	-0.0571233	
5.93	1.12128	0.254184	-0.0567667	
5.94	1.12256	0.25443	-0.056485	
5.95	1.12389	0.254674	-0.0563044	
5.96	1.12528	0.254917	-0.0562235	
5.97	1.12672	0.25516	-0.0562372	
5.98	1.12822	0.255402	-0.0563423	
5.99	1.12977	0.255643	-0.056537	
6	1.13134	0.255875	-0.0568469	
6.01	1.13278	0.25618	-0.0572145	
6.02	1.13408	0.256531	-0.0575265	
6.03	1.13519	0.256897	-0.0577014	
6.04	1.13614	0.257265	-0.057757	
6.05	1.13715	0.257392	-0.0579543	
6.06	1.13822	0.257257	-0.058258	
6.07	1.13931	0.257132	-0.0586724	
6.08	1.14042	0.257013	-0.0591843	
6.09	1.14156	0.256876	-0.0597801	
6.1	1.14272	0.256691	-0.0604174	
6.11	1.14386	0.25635	-0.0610417	
6.12	1.14505	0.256547	-0.0615132	
6.13	1.14631	0.256844	-0.0619411	
6.14	1.14765	0.257095	-0.0623826	
6.15	1.14904	0.257331	-0.0628415	
6.16	1.1505	0.257552	-0.0633149	
6.17	1.15201	0.257759	-0.0638011	
6.18	1.15358	0.257953	-0.0642982	
6.19	1.15521	0.258131	-0.0648037	
6.2	1.15689	0.258299	-0.0653134	
6.21	1.15859	0.258464	-0.0658203	
6.22	1.16031	0.258632	-0.0663155	
6.23	1.16208	0.258799	-0.0667802	
6.24	1.16393	0.258967	-0.0672224	
6.25	1.16584	0.259135	-0.0676471	
6.26	1.16782	0.259305	-0.0680552	
6.27	1.16986	0.259479	-0.0684464	
6.28	1.17195	0.259654	-0.0688262	
6.29	1.17409	0.259832	-0.0691904	
6.3	1.1763	0.260027	-0.0695224	
6.31	1.1785	0.260266	-0.069794	
6.32	1.18075	0.260456	-0.0700954	
6.33	1.18306	0.260638	-0.0703813	
6.34	1.18545	0.26087	-0.0706405	
6.35	1.18789	0.261044	-0.0708928	
6.36	1.19039	0.261168	-0.0711507	
6.37	1.19292	0.26129	-0.0713971	
6.38	1.19548	0.261418	-0.0716285	
6.39	1.19807	0.261545	-0.071847	
6.4	1.20073	0.261697	-0.0720351	
6.41	1.20351	0.261974	-0.0721429	
6.42	1.20635	0.262345	-0.0721895	
6.43	1.20915	0.262788	-0.0721899	
6.44	1.21192	0.263291	-0.0721506	
6.45	1.21467	0.263845	-0.0720769	
6.46	1.21739	0.264453	-0.0719662	
6.47	1.22011	0.265084	-0.0718357	
6.48	1.22281	0.265729	-0.0716893	
6.49	1.22552	0.266375	-0.071533	
6.5	1.22822	0.267013	-0.0713721	
6.51	1.23093	0.267639	-0.0712077	
6.52	1.23365	0.268229	-0.0710532	
6.53	1.23639	0.268767	-0.0709141	
6.54	1.23915	0.269243	-0.0707964	
6.55	1.24194	0.269648	-0.0707027	
6.56	1.24475	0.269978	-0.0706361	
6.57	1.24761	0.270202	-0.0706098	
6.58	1.25051	0.270311	-0.0706272	
6.59	1.25345	0.270267	-0.0707029	
6.6	1.25646	0.270073	-0.0708351	
6.61	1.25953	0.269726	-0.0710214	
6.62	1.26265	0.269233	-0.0712578	
6.63	1.26583	0.268548	-0.0715639	
6.64	1.26907	0.267632	-0.0719505	
6.65	1.27236	0.266463	-0.0724252	
6.66	1.27572	0.265055	-0.072971	
6.67	1.27914	0.263403	-0.0735869	
6.68	1.28263	0.261482	-0.0742756	
6.69	1.28619	0.259272	-0.0750442	
6.7	1.2898	0.256749	-0.07589	
6.71	1.29346	0.25389	-0.0768154	
6.72	1.29672	0.253369	-0.0772611	
6.73	1.29969	0.252877	-0.0776472	
6.74	1.30228	0.252755	-0.0780301	
6.75	1.30467	0.25204	-0.0783545	
6.76	1.30691	0.252314	-0.078591	
6.77	1.30915	0.252464	-0.0788057	
6.78	1.31126	0.252718	-0.0790563	
6.79	1.31333	0.252951	-0.0792229	
6.8	1.31539	0.253146	-0.0793775	
6.81	1.31741	0.253335	-0.0795509	
6.82	1.31941	0.253523	-0.0797416	
6.83	1.32137	0.253782	-0.0799096	
6.84	1.3232	0.254314	-0.0799705	
6.85	1.32502	0.254829	-0.0800063	
6.86	1.32683	0.255317	-0.0800268	
6.87	1.32864	0.255784	-0.0800321	
6.88	1.33044	0.256232	-0.0800237	
6.89	1.33223	0.256661	-0.0800053	
6.9	1.33402	0.257073	-0.0799766	
6.91	1.33574	0.256773	-0.0797838	
6.92	1.33741	0.255444	-0.0793342	
6.93	1.33904	0.253114	-0.0786083	
6.94	1.34062	0.250754	-0.0778223	
6.95	1.34225	0.251807	-0.0779178	
6.96	1.34386	0.254092	-0.0782996	
6.97	1.34545	0.255745	-0.0786428	
6.98	1.34703	0.256827	-0.0789002	
6.99	1.34859	0.25758	-0.0790443	
7	1.35012	0.258129	-0.079112	
7.01	1.35166	0.258568	-0.0791484	
7.02	1.35322	0.258926	-0.0791787	
7.03	1.35478	0.259217	-0.0792072	
7.04	1.35635	0.259446	-0.0792283	
7.05	1.35787	0.259609	-0.0792552	
7.06	1.35917	0.259788	-0.0793789	
7.07	1.36021	0.259971	-0.0795842	
7.08	1.362	0.260071	-0.0793509	
7.09	1.36393	0.259636	-0.0791555	
7.1	1.36558	0.259467	-0.0790698	
7.11	1.36705	0.259225	-0.0790255	
7.12	1.36839	0.258898	-0.0789832	
7.13	1.36965	0.258517	-0.078942	
7.14	1.37083	0.258105	-0.0789066	
7.15	1.37194	0.257647	-0.0788789	
7.16	1.37308	0.257302	-0.078877	
7.17	1.37475	0.257478	-0.0789435	
7.18	1.37652	0.257676	-0.0790765	
7.19	1.37834	0.257861	-0.0792418	
7.2	1.38019	0.258032	-0.0794175	
7.21	1.38206	0.258191	-0.0796052	
7.22	1.38398	0.258354	-0.0798101	
7.23	1.38595	0.258529	-0.0800365	
7.24	1.38796	0.258722	-0.0802873	
7.25	1.39	0.258935	-0.0805645	
7.26	1.39208	0.259172	-0.0808699	
7.27	1.39417	0.259433	-0.0812042	
7.28	1.39627	0.259722	-0.0815684	
7.29	1.39838	0.260037	-0.0819629	
7.3	1.40051	0.260377	-0.0823856	
7.31	1.40269	0.260744	-0.0828335	
7.32	1.40492	0.261135	-0.0833062	
7.33	1.40715	0.261542	-0.0838034	
7.34	1.40932	0.261882	-0.0843053	
7.35	1.4115	0.262231	-0.0848296	
7.36	1.41369	0.262595	-0.0853779	
7.37	1.41589	0.262983	-0.0859541	
7.38	1.41809	0.263393	-0.0865566	
7.39	1.4203	0.263757	-0.0871809	
7.4	1.42267	0.264339	-0.0876632	
7.41	1.425	0.26482	-0.0882073	
7.42	1.42742	0.265259	-0.0887138	
7.43	1.42996	0.265666	-0.089174	
7.44	1.43262	0.266029	-0.0895932	
7.45	1.43539	0.266321	-0.0899945	
7.46	1.4382	0.266465	-0.0904461	
7.47	1.44113	0.266535	-0.0908708	
7.48	1.44418	0.266526	-0.0912824	
7.49	1.44731	0.266529	-0.0917188	
7.5	1.45046	0.266554	-0.0922504	
7.51	1.45365	0.266578	-0.0928416	
7.52	1.45687	0.266558	-0.0934647	
7.53	1.46008	0.266536	-0.0941038	
7.54	1.4633	0.266475	-0.094754	
7.55	1.46653	0.266358	-0.0953993	
7.56	1.46978	0.266162	-0.0960338	
7.57	1.47306	0.265884	-0.096645	
7.58	1.47635	0.265508	-0.0972348	
7.59	1.47969	0.265018	-0.0977987	
7.6	1.48306	0.264395	-0.0983321	
7.61	1.48646	0.263654	-0.0988018	
7.62	1.48986	0.262723	-0.0991834	
7.63	1.49327	0.26158	-0.0994476	
7.64	1.49669	0.260176	-0.0995809	
7.65	1.50012	0.258484	-0.0995231	
7.66	1.50351	0.256525	-0.0993632	
7.67	1.50695	0.254341	-0.0991393	
7.68	1.50966	0.254372	-0.0987023	
7.69	1.51208	0.254411	-0.098175	
7.7	1.51422	0.254498	-0.0977011	
7.71	1.51645	0.254546	-0.0978484	
7.72	1.51866	0.254672	-0.0980544	
7.73	1.52088	0.254739	-0.098265	
7.74	1.52321	0.254476	-0.0984535	
7.75	1.52557	0.254181	-0.0985756	
7.76	1.52789	0.253933	-0.0987106	
7.77	1.53016	0.253711	-0.0988627	
7.78	1.53238	0.253557	-0.0990448	
7.79	1.53462	0.253321	-0.0992212	
7.8	1.53683	0.253101	-0.0993984	
7.81	1.53904	0.252836	-0.0995498	
7.82	1.54141	0.252152	-0.0996262	
7.83	1.54388	0.250833	-0.0998222	
7.84	1.5461	0.251289	-0.10007	
7.85	1.54809	0.25193	-0.100295	
7.86	1.54991	0.252352	-0.100767	
7.87	1.55151	0.252742	-0.101396	
7.88	1.55297	0.252866	-0.102129	
7.89	1.55438	0.252896	-0.102894	
7.9	1.55573	0.252971	-0.103612	
7.91	1.55701	0.253077	-0.104255	
7.92	1.55823	0.253219	-0.104829	
7.93	1.5594	0.253393	-0.105343	
7.94	1.56055	0.25359	-0.105816	
7.95	1.56174	0.253831	-0.106207	
7.96	1.56313	0.254055	-0.106502	
7.97	1.56484	0.25422	-0.106815	
7.98	1.56662	0.254359	-0.107141	
7.99	1.5684	0.254507	-0.107464	
8	1.57014	0.254664	-0.107794	
8.01	1.57172	0.254948	-0.108032	
8.02	1.57325	0.255224	-0.108198	
8.03	1.57476	0.255471	-0.10844	
8.04	1.57627	0.255698	-0.108765	
8.05	1.57779	0.255979	-0.109062	
8.06	1.57933	0.256196	-0.109384	
8.07	1.58089	0.255834	-0.109846	
8.08	1.58244	0.256387	-0.110301	
8.09	1.58406	0.256927	-0.11066	
8.1	1.58575	0.257358	-0.110946	
8.11	1.58749	0.25773	-0.111238	
8.12	1.58931	0.258079	-0.11152	
8.13	1.59116	0.258396	-0.111827	
8.14	1.59306	0.258707	-0.112138	
8.15	1.59503	0.259008	-0.112444	
8.16	1.59705	0.259303	-0.112751	
8.17	1.59913	0.259589	-0.113062	
8.18	1.60128	0.259866	-0.113374	
8.19	1.60351	0.260131	-0.113689	
8.2	1.60581	0.260385	-0.113991	
8.21	1.60819	0.260631	-0.114291	
8.22	1.61064	0.260877	-0.114579	
8.23	1.61313	0.261128	-0.114851	
8.24	1.61564	0.26141	-0.115097	
8.25	1.61818	0.261728	-0.115314	
8.26	1.62076	0.262033	-0.115525	
8.27	1.62335	0.262372	-0.115714	
8.28	1.62593	0.262688	-0.11592	
8.29	1.62861	0.263	-0.116115	
8.3	1.6313	0.263363	-0.116296	
8.31	1.63399	0.263765	-0.116473	
8.32	1.63667	0.264182	-0.116633	
8.33	1.63934	0.264623	-0.116732	
8.34	1.642	0.265125	-0.116797	
8.35	1.64462	0.265673	-0.116892	
8.36	1.6472	0.266246	-0.117036	
8.37	1.64975	0.266769	-0.11727	
8.38	1.65237	0.2673	-0.117491	
8.39	1.65497	0.267864	-0.1177	
8.4	1.65755	0.26849	-0.117872	
8.41	1.66011	0.269152	-0.118025	
8.42	1.66267	0.26981	-0.118203	
8.43	1.6652	0.270452	-0.118434	
8.44	1.66766	0.271097	-0.118745	
8.45	1.67013	0.271741	-0.119095	
8.46	1.67259	0.272362	-0.119486	
8.47	1.67508	0.272926	-0.119914	
8.48	1.67765	0.273352	-0.120382	
8.49	1.68026	0.273742	-0.120863	
8.5	1.68285	0.274167	-0.121337	
8.51	1.68549	0.274539	-0.121792	
8.52	1.68815	0.274773	-0.122313	
8.53	1.69085	0.274994	-0.122853	
8.54	1.69368	0.275076	-0.123323	
8.55	1.69656	0.275079	-0.123797	
8.56	1.69951	0.27499	-0.124251	
8.57	1.70252	0.274793	-0.124697	
8.58	1.70558	0.27449	-0.125156	
8.59	1.70871	0.274061	-0.125627	
8.6	1.7119	0.273278	-0.126136	
8.61	1.7151	0.271634	-0.126807	
8.62	1.71826	0.269097	-0.127631	
8.63	1.72187	0.26706	-0.128376	
8.64	1.72581	0.265442	-0.128942	
8.65	1.72989	0.264144	-0.129355	
8.66	1.73412	0.263163	-0.129873	
8.67	1.73838	0.261578	-0.130388	
8.68	1.74253	0.259386	-0.131074	
8.69	1.74661	0.256711	-0.131918	
8.7	1.75067	0.253617	-0.132879	
8.71	1.75472	0.250117	-0.133941	
8.72	1.75877	0.246209	-0.135085	
8.73	1.76122	0.246211	-0.135108	
8.74	1.76334	0.246956	-0.134948	
8.75	1.76537	0.247899	-0.134726	
8.76	1.76736	0.24795	-0.134657	
8.77	1.769	0.248355	-0.134568	
8.78	1.77039	0.249459	-0.134401	
8.79	1.77218	0.250581	-0.134276	
8.8	1.77417	0.251276	-0.134248	
8.81	1.77628	0.251449	-0.134387	
8.82	1.77843	0.251366	-0.134641	
8.83	1.78038	0.251797	-0.13474	
8.84	1.78229	0.252209	-0.134868	
8.85	1.78418	0.25259	-0.135021	
8.86	1.78607	0.252895	-0.135221	
8.87	1.78796	0.253179	-0.135452	
8.88	1.78983	0.253469	-0.1357	
8.89	1.79168	0.253752	-0.13597	
8.9	1.79351	0.25403	-0.136263	
8.91	1.79539	0.254098	-0.136649	
8.92	1.79746	0.253559	-0.137226	
8.93	1.79971	0.25241	-0.137989	
8.94	1.80172	0.252793	-0.138216	
8.95	1.80335	0.254189	-0.138102	
8.96	1.80488	0.255018	-0.138232	
8.97	1.80652	0.255543	-0.138601	
8.98	1.8082	0.255916	-0.139051	
8.99	1.80988	0.256202	-0.13952	
9	1.81155	0.256427	-0.139963	
9.01	1.81321	0.256597	-0.140348	
9.02	1.81482	0.256723	-0.140689	
9.03	1.81631	0.256933	-0.140824	
9.04	1.81762	0.257341	-0.140572	
9.05	1.81874	0.257909	-0.140261	
9.06	1.81971	0.258599	-0.140021	
9.07	1.82054	0.259405	-0.13985	
9.08	1.82127	0.260317	-0.139764	
9.09	1.82224	0.261179	-0.139592	
9.1	1.8243	0.26128	-0.138704	
9.11	1.8265	0.260306	-0.137953	
9.12	1.82869	0.260075	-0.137267	
9.13	1.83069	0.26017	-0.136738	
9.14	1.83255	0.260418	-0.136372	
9.15	1.83426	0.260835	-0.136161	
9.16	1.83586	0.261223	-0.136128	
9.17	1.83753	0.261491	-0.136186	
9.18	1.83924	0.261752	-0.136284	
9.19	1.84101	0.262005	-0.136414	
9.2	1.84283	0.262252	-0.136572	
9.21	1.84477	0.262483	-0.136767	
9.22	1.84676	0.262721	-0.136916	
9.23	1.84882	0.262964	-0.137057	
9.24	1.85096	0.263215	-0.137188	
9.25	1.85317	0.263478	-0.137297	
9.26	1.85544	0.26373	-0.137412	
9.27	1.85776	0.26399	-0.137514	
9.28	1.86014	0.264264	-0.137591	
9.29	1.86258	0.264554	-0.137652	
9.3	1.86503	0.264863	-0.137718	
9.31	1.86747	0.26514	-0.137843	
9.32	1.86995	0.265417	-0.137955	
9.33	1.87247	0.265694	-0.138042	
9.34	1.87502	0.26598	-0.138124	
9.35	1.87752	0.266361	-0.13824	
9.36	1.87993	0.266889	-0.138415	
9.37	1.88224	0.267368	-0.138707	
9.38	1.88459	0.267774	-0.139016	
9.39	1.88698	0.268137	-0.139303	
9.4	1.88944	0.268504	-0.139532	
9.41	1.89196	0.268872	-0.139691	
9.42	1.89451	0.269238	-0.139817	
9.43	1.89707	0.269605	-0.139942	
9.44	1.89962	0.269916	-0.140098	
9.45	1.90219	0.270116	-0.140261	
9.46	1.90484	0.270279	-0.140355	
9.47	1.90754	0.270403	-0.140402	
9.48	1.91023	0.270562	-0.140439	
9.49	1.91288	0.270789	-0.140487	
9.5	1.91549	0.271087	-0.14054	
9.51	1.91809	0.271342	-0.140615	
9.52	1.92067	0.271592	-0.140701	
9.53	1.92323	0.271839	-0.140782	
9.54	1.92579	0.27208	-0.140854	
9.55	1.92835	0.272288	-0.140914	
9.56	1.93092	0.272448	-0.14096	
9.57	1.93352	0.272546	-0.14099	
9.58	1.93614	0.272569	-0.141	
9.59	1.93878	0.272524	-0.140988	
9.6	1.94144	0.272405	-0.140958	
9.61	1.94415	0.272158	-0.140905	
9.62	1.9469	0.271785	-0.140811	
9.63	1.94972	0.271259	-0.140672	
9.64	1.9526	0.270552	-0.140494	
9.65	1.95554	0.269677	-0.140268	
9.66	1.95854	0.268629	-0.139996	
9.67	1.96161	0.267359	-0.139679	
9.68	1.96476	0.265855	-0.1393	
9.69	1.96799	0.26406	-0.138872	
9.7	1.97132	0.261987	-0.138391	
9.71	1.97472	0.259603	-0.137866	
9.72	1.9782	0.256892	-0.137298	
9.73	1.98175	0.253824	-0.136693	
9.74	1.98537	0.250362	-0.136054	
9.75	1.98874	0.24723	-0.135415	
9.76	1.99049	0.247744	-0.135062	
9.77	1.99181	0.248519	-0.134964	
9.78	1.99279	0.249148	-0.134843	
9.79	1.99343	0.249626	-0.134466	
9.8	1.99372	0.250001	-0.133828	
9.81	1.99372	0.250292	-0.132978	
9.82	1.99447	0.251014	-0.132442	
9.83	1.99586	0.251721	-0.132133	
9.84	1.99763	0.25203	-0.132055	
9.85	1.99942	0.252311	-0.132028	
9.86	2.00087	0.252814	-0.131876	
9.87	2.00236	0.253301	-0.131736	
9.88	2.00405	0.253725	-0.131666	
9.89	2.00565	0.254101	-0.131495	
9.9	2.00717	0.254466	-0.131249	
9.91	2.00864	0.254796	-0.13093	
9.92	2.01006	0.255072	-0.130547	
9.93	2.01145	0.255313	-0.130102	
9.94	2.01281	0.255519	-0.1296	
9.95	2.01421	0.255725	-0.129107	
9.96	2.01565	0.255858	-0.128588	
9.97	2.01714	0.256078	-0.128099	
9.98	2.01868	0.256281	-0.127608	
9.99	2.02027	0.256473	-0.127118	
10	2.02189	0.256647	-0.126652	
10.01	2.02338	0.256895	-0.126296	
10.02	2.02488	0.257124	-0.125997	
10.03	2.0264	0.257299	-0.125771	
10.04	2.02793	0.257418	-0.12561	
10.05	2.02944	0.25746	-0.12549	
10.06	2.03095	0.257305	-0.125409	
10.07	2.03249	0.256184	-0.125447	
10.08	2.03397	0.256221	-0.12513	
10.09	2.03538	0.256344	-0.124765	
10.1	2.03677	0.256277	-0.124577	
10.11	2.03813	0.25599	-0.124487	
10.12	2.03943	0.255684	-0.124493	
10.13	2.0407	0.255182	-0.12442	
10.14	2.04188	0.254645	-0.124339	
10.15	2.04297	0.254074	-0.124255	
10.16	2.04393	0.253454	-0.124201	
10.17	2.04475	0.252783	-0.124202	
10.18	2.04542	0.252058	-0.12428	
10.19	2.04593	0.25129	-0.12443	
10.2	2.04627	0.250479	-0.124629	
10.21	2.04641	0.249645	-0.124843	
10.22	2.04632	0.248807	-0.125073	
10.23	2.04597	0.247981	-0.125319	
10.24	2.04533	0.247149	-0.12561	
10.25	2.04443	0.246366	-0.125923	
10.26	2.04327	0.245584	-0.126234	
10.27	2.04183	0.244838	-0.126542	
10.28	2.0401	0.244038	-0.126834	
10.29	2.03819	0.243211	-0.127078	
10.3	2.03602	0.242388	-0.127266	
10.31	2.03361	0.241558	-0.127378	
10.32	2.03102	0.240669	-0.127476	
10.33	2.02942	0.240165	-0.127418	
10.34	2.03058	0.240607	-0.127108	
10.35	2.03277	0.240977	-0.126253	
10.36	2.03518	0.241486	-0.125719	
10.37	2.03772	0.242038	-0.12552	
10.38	2.0404	0.242613	-0.125499	
10.39	2.04314	0.243193	-0.125448	
10.4	2.04586	0.243832	-0.125361	
10.41	2.04857	0.244486	-0.125265	
10.42	2.05131	0.245011	-0.125228	
10.43	2.05412	0.245509	-0.125182	
10.44	2.05693	0.246059	-0.125098	
10.45	2.05972	0.246692	-0.12497	
10.46	2.06247	0.247322	-0.124838	
10.47	2.06523	0.247948	-0.124694	
10.48	2.068	0.248521	-0.124568	
10.49	2.0708	0.249069	-0.124436	
10.5	2.07359	0.249623	-0.124293	
10.51	2.07639	0.250178	-0.124139	
10.52	2.07919	0.250746	-0.123974	
10.53	2.082	0.251259	-0.123825	
10.54	2.08482	0.251712	-0.123691	
10.55	2.08768	0.252098	-0.123576	
10.56	2.09056	0.252404	-0.123485	
10.57	2.09349	0.252613	-0.123425	
10.58	2.09646	0.252705	-0.123404	
10.59	2.09947	0.252665	-0.123425	
10.6	2.10255	0.252474	-0.123496	
10.61	2.10568	0.252114	-0.123621	
10.62	2.10888	0.251569	-0.123805	
10.63	2.11215	0.250816	-0.124052	
10.64	2.11497	0.250897	-0.124322	
10.65	2.11712	0.251696	-0.124557	
10.66	2.11913	0.252549	-0.124753	
10.67	2.12115	0.253377	-0.124896	
10.68	2.12328	0.253981	-0.124947	
10.69	2.12559	0.254278	-0.124908	
10.7	2.12798	0.254437	-0.124961	
10.71	2.13019	0.254905	-0.125172	
10.72	2.13245	0.255115	-0.125293	
10.73	2.13489	0.254976	-0.125414	
10.74	2.13731	0.254855	-0.125681	
10.75	2.1396	0.254932	-0.125993	
10.76	2.14185	0.255009	-0.126292	
10.77	2.14405	0.255135	-0.126579	
10.78	2.14621	0.255298	-0.126842	
10.79	2.14834	0.255484	-0.127078	
10.8	2.15044	0.255671	-0.12729	
10.81	2.15253	0.255862	-0.127484	
10.82	2.15457	0.256081	-0.127682	
10.83	2.15658	0.256358	-0.127869	
10.84	2.15856	0.256651	-0.128048	
10.85	2.16052	0.256943	-0.128225	
10.86	2.16246	0.257231	-0.128407	
10.87	2.16438	0.25752	-0.128581	
10.88	2.16629	0.257811	-0.128719	
10.89	2.16818	0.258107	-0.128822	
10.9	2.17005	0.258406	-0.12889	
10.91	2.17191	0.258711	-0.128926	
10.92	2.17373	0.259056	-0.128938	
10.93	2.17554	0.259399	-0.128938	
10.94	2.17733	0.25974	-0.128932	
10.95	2.17911	0.26008	-0.128921	
10.96	2.18089	0.260427	-0.128908	
10.97	2.18264	0.260773	-0.128889	
10.98	2.18439	0.261105	-0.128865	
10.99	2.18612	0.261425	-0.128838	
11	2.18781	0.261721	-0.128807	
11.01	2.18946	0.261987	-0.128773	
11.02	2.19109	0.262218	-0.128733	
11.03	2.19247	0.26284	-0.128542	
11.04	2.19375	0.263541	-0.128227	
11.05	2.19496	0.264223	-0.127768	
11.06	2.1961	0.264885	-0.12719	
11.07	2.19719	0.265526	-0.126574	
11.08	2.19833	0.266149	-0.12604	
11.09	2.19952	0.266748	-0.125591	
11.1	2.20076	0.267337	-0.125225	
11.11	2.20204	0.267944	-0.124919	
11.12	2.20338	0.268511	-0.124686	
11.13	2.20479	0.269006	-0.12453	
11.14	2.20624	0.269486	-0.124444	
11.15	2.20775	0.26996	-0.124415	
11.16	2.20933	0.270421	-0.124418	
11.17	2.21096	0.270867	-0.124477	
11.18	2.21264	0.271298	-0.124588	
11.19	2.21436	0.271712	-0.124736	
11.2	2.21615	0.272123	-0.124897	
11.21	2.21797	0.272579	-0.125083	
11.22	2.21984	0.273067	-0.125296	
11.23	2.22177	0.273524	-0.125525	
11.24	2.22375	0.274007	-0.125786	
11.25	2.22572	0.27452	-0.126073	
11.26	2.22769	0.275064	-0.126388	
11.27	2.22965	0.275698	-0.12674	
11.28	2.23161	0.276348	-0.127129	
11.29	2.23358	0.277019	-0.127551	
11.3	2.23554	0.277691	-0.127988	
11.31	2.23753	0.27836	-0.128441	
11.32	2.23956	0.279032	-0.128911	
11.33	2.24159	0.279713	-0.129402	
11.34	2.24363	0.280416	-0.129921	
11.35	2.24566	0.281152	-0.130471	
11.36	2.24767	0.281925	-0.131056	
11.37	2.24969	0.282681	-0.131669	
11.38	2.25172	0.283489	-0.132313	
11.39	2.2537	0.284257	-0.132942	
11.4	2.25569	0.285031	-0.133585	
11.41	2.25766	0.285783	-0.134232	
11.42	2.25968	0.286487	-0.134872	
11.43	2.26177	0.287156	-0.135514	
11.44	2.2639	0.28783	-0.136152	
11.45	2.26609	0.288461	-0.136786	
11.46	2.26832	0.288963	-0.137397	
11.47	2.27064	0.289352	-0.137973	
11.48	2.27307	0.2897	-0.138541	
11.49	2.27566	0.290077	-0.139124	
11.5	2.27836	0.290349	-0.139666	
11.51	2.28115	0.290522	-0.140174	
11.52	2.28393	0.290716	-0.140698	
11.53	2.28666	0.290954	-0.141239	
11.54	2.28934	0.291222	-0.141791	
11.55	2.29199	0.291504	-0.142347	
11.56	2.29461	0.291786	-0.142903	
11.57	2.29723	0.292055	-0.143452	
11.58	2.29984	0.292298	-0.143989	
11.59	2.30246	0.292501	-0.144507	
11.6	2.3051	0.292649	-0.145002	
11.61	2.30776	0.292727	-0.145468	
11.62	2.31045	0.292718	-0.145899	
11.63	2.31319	0.292609	-0.146291	
11.64	2.31598	0.29229	-0.146643	
11.65	2.31884	0.291947	-0.146964	
11.66	2.32177	0.291446	-0.147218	
11.67	2.32478	0.29075	-0.1474	
11.68	2.32787	0.28986	-0.147515	
11.69	2.33105	0.288764	-0.147558	
11.7	2.33431	0.287444	-0.147533	
11.71	2.33767	0.285883	-0.147433	
11.72	2.34112	0.284055	-0.147258	
11.73	2.34467	0.281943	-0.147006	
11.74	2.34831	0.279522	-0.146679	
11.75	2.35205	0.276769	-0.146278	
11.76	2.35587	0.273659	-0.145802	
11.77	2.35978	0.270164	-0.145257	
11.78	2.36376	0.266262	-0.144647	
11.79	2.36781	0.261935	-0.14397	
11.8	2.3719	0.257129	-0.143269	
11.81	2.3758	0.252638	-0.142739	
11.82	2.37851	0.252835	-0.142877	
11.83	2.38078	0.253553	-0.142893	
11.84	2.38273	0.254109	-0.142869	
11.85	2.38426	0.254618	-0.142787	
11.86	2.38546	0.255099	-0.142635	
11.87	2.38653	0.25555	-0.142442	
11.88	2.38793	0.255999	-0.142321	
11.89	2.38947	0.256348	-0.142288	
11.9	2.39105	0.256674	-0.142348	
11.91	2.39266	0.256979	-0.142486	
11.92	2.39416	0.257284	-0.142598	
11.93	2.39561	0.257609	-0.142687	
11.94	2.39719	0.257851	-0.142822	
11.95	2.39877	0.258032	-0.142986	
11.96	2.40035	0.258213	-0.14317	
11.97	2.40195	0.258393	-0.143376	
11.98	2.40357	0.258584	-0.1436	
11.99	2.40519	0.258792	-0.143837	
12	2.4068	0.258912	-0.144147	
12.01	2.40824	0.259113	-0.144462	
12.02	2.4097	0.259313	-0.144787	
12.03	2.41115	0.259457	-0.145122	
12.04	2.41262	0.259544	-0.145467	
12.05	2.41408	0.259569	-0.145823	
12.06	2.41554	0.25953	-0.146193	
12.07	2.41698	0.259422	-0.146583	
12.08	2.41838	0.259244	-0.146993	
12.09	2.41975	0.258999	-0.147422	
12.1	2.42108	0.258689	-0.147867	
12.11	2.42237	0.258319	-0.148323	
12.12	2.42361	0.257945	-0.148721	
12.13	2.42483	0.257452	-0.149217	
12.14	2.42599	0.256921	-0.149696	
12.15	2.42707	0.256348	-0.150165	
12.16	2.42807	0.25572	-0.15063	
12.17	2.42897	0.255035	-0.151092	
12.18	2.42978	0.254292	-0.151552	
12.19	2.43048	0.253498	-0.152007	
12.2	2.43106	0.25266	-0.152452	
12.21	2.43151	0.251787	-0.152885	
12.22	2.43247	0.251637	-0.153146	
12.23	2.43391	0.251697	-0.153381	
12.24	2.43572	0.251777	-0.153597	
12.25	2.43784	0.251865	-0.153805	
12.26	2.44007	0.252007	-0.15401	
12.27	2.44231	0.252136	-0.154178	
12.28	2.44457	0.252278	-0.154329	
12.29	2.44685	0.252449	-0.154454	
12.3	2.44913	0.252644	-0.154555	
12.31	2.45142	0.252857	-0.154635	
12.32	2.45371	0.253087	-0.154694	
12.33	2.45602	0.253377	-0.154752	
12.34	2.45829	0.253799	-0.154747	
12.35	2.4605	0.254349	-0.154675	
12.36	2.46265	0.25503	-0.154538	
12.37	2.46472	0.255836	-0.15434	
12.38	2.46674	0.256523	-0.154025	
12.39	2.4689	0.256644	-0.153775	
12.4	2.47124	0.257029	-0.15371	
12.41	2.47352	0.257489	-0.153596	
12.42	2.47575	0.258039	-0.153433	
12.43	2.47793	0.258668	-0.153224	
12.44	2.48008	0.259367	-0.152957	
12.45	2.48218	0.260055	-0.15262	
12.46	2.48426	0.260822	-0.152246	
12.47	2.48632	0.261685	-0.151864	
12.48	2.48837	0.262552	-0.151456	
12.49	2.49042	0.263415	-0.151031	
12.5	2.49247	0.264271	-0.150596	
12.51	2.49452	0.26511	-0.150157	
12.52	2.49659	0.265923	-0.149725	
12.53	2.4987	0.266713	-0.149303	
12.54	2.50085	0.267477	-0.148894	
12.55	2.50304	0.268185	-0.148513	
12.56	2.5053	0.268833	-0.148167	
12.57	2.50762	0.269408	-0.147859	
12.58	2.50999	0.269919	-0.147588	
12.59	2.5124	0.270315	-0.147373	
12.6	2.51486	0.270626	-0.147211	
12.61	2.51737	0.270814	-0.147109	
12.62	2.51994	0.270846	-0.147077	
12.63	2.52257	0.270722	-0.147118	
12.64	2.52528	0.270406	-0.147243	
12.65	2.52806	0.269874	-0.147451	
12.66	2.53091	0.269171	-0.14774	
12.67	2.53385	0.268241	-0.148122	
12.68	2.53688	0.267051	-0.148616	
12.69	2.53998	0.265624	-0.149206	
12.7	2.54315	0.263944	-0.149891	
12.71	2.5464	0.261991	-0.150673	
12.72	2.54971	0.259746	-0.151552	
12.73	2.55309	0.257188	-0.152526	
12.74	2.55654	0.254295	-0.153596	
12.75	2.56004	0.251042	-0.154757	
12.76	2.56359	0.247405	-0.156008	
12.77	2.56683	0.245195	-0.156926	
12.78	2.56943	0.245372	-0.157247	
12.79	2.57182	0.245289	-0.157591	
12.8	2.57397	0.245192	-0.157948	
12.81	2.57601	0.24514	-0.158135	
12.82	2.578	0.245066	-0.158371	
12.83	2.57996	0.245008	-0.158608	
12.84	2.58189	0.244959	-0.158835	
12.85	2.58379	0.244909	-0.159043	
12.86	2.58559	0.244981	-0.159266	
12.87	2.58734	0.245062	-0.159538	
12.88	2.58903	0.245134	-0.159865	
12.89	2.59067	0.245199	-0.160247	
12.9	2.59226	0.245257	-0.160687	
12.91	2.5938	0.245311	-0.161179	
12.92	2.59529	0.245362	-0.161714	
12.93	2.59674	0.245409	-0.162288	
12.94	2.59814	0.245482	-0.162889	
12.95	2.59951	0.245586	-0.163488	
12.96	2.60092	0.245697	-0.163999	
12.97	2.60239	0.24581	-0.164386	
12.98	2.60391	0.245922	-0.16465	
12.99	2.60545	0.246023	-0.164776	
13	2.60701	0.246073	-0.164761	
13.01	2.60859	0.246104	-0.164704	
13.02	2.61016	0.246118	-0.164661	
13.03	2.61176	0.246104	-0.164631	
13.04	2.61336	0.246051	-0.164607	
13.05	2.61497	0.24595	-0.164584	
13.06	2.61655	0.245806	-0.164554	
13.07	2.6181	0.245618	-0.164514	
13.08	2.61963	0.245385	-0.164465	
13.09	2.62111	0.245109	-0.16441	
13.1	2.62256	0.244791	-0.164348	
13.11	2.62397	0.244435	-0.164285	
13.12	2.62534	0.244045	-0.16423	
13.13	2.6267	0.243754	-0.164214	
13.14	2.62827	0.244132	-0.164186	
13.15	2.62992	0.243819	-0.164196	
13.16	2.63184	0.242475	-0.164127	
13.17	2.63349	0.241764	-0.164045	
13.18	2.63543	0.241712	-0.164307	
13.19	2.63731	0.240214	-0.164606	
13.2	2.63949	0.238394	-0.165026	
13.21	2.64166	0.238356	-0.165117	
13.22	2.64383	0.238666	-0.165459	
13.23	2.64618	0.238362	-0.165926	
13.24	2.64845	0.23718	-0.166227	
13.25	2.65118	0.238003	-0.166854	
13.26	2.65434	0.239986	-0.167891	
13.27	2.65749	0.241265	-0.168788	
13.28	2.66061	0.241956	-0.16941	
13.29	2.66373	0.242355	-0.169907	
13.3	2.66686	0.242619	-0.170381	
13.31	2.67006	0.242795	-0.170883	
13.32	2.67322	0.242946	-0.171385	
13.33	2.67635	0.243095	-0.1719	
13.34	2.67946	0.243258	-0.172444	
13.35	2.68255	0.243429	-0.173012	
13.36	2.68563	0.243611	-0.173607	
13.37	2.6887	0.243807	-0.174228	
13.38	2.69177	0.244004	-0.174872	
13.39	2.69485	0.244177	-0.175534	
13.4	2.69792	0.244377	-0.176236	
13.41	2.70094	0.244682	-0.176994	
13.42	2.7039	0.245087	-0.177805	
13.43	2.7068	0.245584	-0.178665	
13.44	2.70964	0.246202	-0.179582	
13.45	2.71243	0.246755	-0.180477	
13.46	2.71524	0.247371	-0.18141	
13.47	2.71802	0.24805	-0.182381	
13.48	2.72077	0.248775	-0.183386	
13.49	2.7235	0.249533	-0.184418	
13.5	2.72622	0.250311	-0.18547	
13.51	2.72892	0.251095	-0.186537	
13.52	2.73161	0.251873	-0.187614	
13.53	2.73431	0.252629	-0.188697	
13.54	2.73701	0.253351	-0.189778	
13.55	2.73972	0.254046	-0.190855	
13.56	2.74245	0.25466	-0.191918	
13.57	2.7452	0.255182	-0.192961	
13.58	2.74798	0.255619	-0.193982	
13.59	2.75079	0.255974	-0.194982	
13.6	2.75361	0.256207	-0.195927	
13.61	2.75643	0.256259	-0.196792	
13.62	2.75926	0.256128	-0.197573	
13.63	2.76211	0.255793	-0.198261	
13.64	2.76496	0.255232	-0.198843	
13.65	2.76788	0.254457	-0.199351	
13.66	2.77087	0.25347	-0.199801	
13.67	2.77395	0.252254	-0.200189	
13.68	2.77713	0.250792	-0.20051	
13.69	2.7804	0.249051	-0.200759	
13.7	2.78375	0.247016	-0.200941	
13.71	2.78719	0.244674	-0.201052	
13.72	2.79071	0.242003	-0.201096	
13.73	2.79431	0.238982	-0.201072	
13.74	2.7978	0.236265	-0.201092	
13.75	2.80037	0.237664	-0.201137	
13.76	2.80248	0.23995	-0.200962	
13.77	2.80441	0.241427	-0.200976	
13.78	2.80608	0.242497	-0.200903	
13.79	2.80748	0.243195	-0.200607	
13.8	2.80907	0.242665	-0.200499	
13.81	2.81107	0.241166	-0.200521	
13.82	2.81363	0.240399	-0.200373	
13.83	2.81629	0.240519	-0.19997	
13.84	2.81863	0.241882	-0.199481	
13.85	2.82089	0.242887	-0.199121	
13.86	2.82306	0.243576	-0.198993	
13.87	2.82508	0.244116	-0.199028	
13.88	2.82697	0.244609	-0.199236	
13.89	2.82877	0.245073	-0.199457	
13.9	2.83056	0.245485	-0.199631	
13.91	2.8324	0.245766	-0.199746	
13.92	2.8342	0.246105	-0.199834	
13.93	2.83598	0.246443	-0.199917	
13.94	2.83776	0.24674	-0.19998	
13.95	2.83955	0.246992	-0.199999	
13.96	2.84134	0.247209	-0.199977	
13.97	2.84313	0.247399	-0.199914	
13.98	2.84491	0.247565	-0.199813	
13.99	2.8467	0.24771	-0.199675	
14	2.84847	0.24783	-0.199517	
14.01	2.85005	0.248037	-0.199407	
14.02	2.8516	0.248234	-0.199337	
14.03	2.85311	0.248384	-0.199303	
14.04	2.85461	0.248481	-0.199318	
14.05	2.85608	0.248528	-0.199375	
14.06	2.85751	0.248522	-0.199461	
14.07	2.85891	0.248486	-0.199585	
14.08	2.86028	0.248402	-0.199735	
14.09	2.86162	0.248258	-0.199899	
14.1	2.86283	0.24837	-0.20017	
14.11	2.86398	0.248813	-0.200456	
14.12	2.86515	0.249273	-0.200752	
14.13	2.86638	0.249721	-0.201054	
14.14	2.86767	0.250155	-0.20135	
14.15	2.86904	0.250582	-0.201646	
14.16	2.87052	0.25099	-0.201943	
14.17	2.87209	0.251381	-0.202244	
14.18	2.87375	0.251754	-0.202549	
14.19	2.8755	0.252104	-0.202857	
14.2	2.87733	0.252443	-0.20317	
14.21	2.87923	0.252753	-0.203485	
14.22	2.8812	0.253058	-0.203792	
14.23	2.88321	0.253383	-0.204082	
14.24	2.88525	0.253732	-0.20435	
14.25	2.88732	0.254102	-0.204598	
14.26	2.88944	0.254514	-0.204818	
14.27	2.89157	0.254993	-0.205007	
14.28	2.89372	0.255483	-0.205173	
14.29	2.8959	0.25599	-0.205317	
14.3	2.8981	0.256497	-0.205449	
14.31	2.90032	0.256841	-0.205553	
14.32	2.90252	0.255934	-0.205387	
14.33	2.90476	0.253662	-0.204855	
14.34	2.90711	0.25009	-0.204077	
14.35	2.90985	0.24742	-0.203901	
14.36	2.91269	0.245166	-0.203976	
14.37	2.91553	0.243571	-0.204373	
14.38	2.91838	0.242435	-0.204963	
14.39	2.92112	0.241956	-0.205702	
14.4	2.92379	0.241838	-0.206459	
14.41	2.92637	0.243292	-0.207509	
14.42	2.92885	0.244439	-0.208549	
14.43	2.9312	0.246856	-0.209633	
14.44	2.9335	0.249566	-0.210601	
14.45	2.93573	0.252921	-0.211372	
14.46	2.9379	0.255677	-0.21213	
14.47	2.9401	0.257793	-0.212773	
14.48	2.94231	0.259515	-0.213176	
14.49	2.94453	0.260953	-0.213296	
14.5	2.94678	0.262143	-0.213104	
14.51	2.94904	0.263151	-0.212697	
14.52	2.9513	0.264076	-0.212303	
14.53	2.95363	0.264933	-0.211938	
14.54	2.956	0.265715	-0.211607	
14.55	2.9584	0.266414	-0.211322	
14.56	2.96081	0.267039	-0.21108	
14.57	2.96325	0.267577	-0.210887	
14.58	2.96573	0.267989	-0.21076	
14.59	2.96824	0.268284	-0.210696	
14.6	2.97078	0.268476	-0.210684	
14.61	2.97338	0.268535	-0.210738	
14.62	2.97603	0.268426	-0.210872	
14.63	2.97874	0.268144	-0.211087	
14.64	2.98151	0.267663	-0.211391	
14.65	2.98435	0.26698	-0.211781	
14.66	2.98725	0.26608	-0.212261	
14.67	2.99022	0.264939	-0.212838	
14.68	2.99325	0.263552	-0.213506	
14.69	2.99637	0.261894	-0.214275	
14.7	2.99956	0.259944	-0.215143	
14.71	3.00281	0.257699	-0.216107	
14.72	3.00595	0.255953	-0.216845	
14.73	3.00848	0.256434	-0.216791	
14.74	3.01076	0.256903	-0.216769	
14.75	3.01275	0.25735	-0.216861	
14.76	3.0147	0.257764	-0.216911	
14.77	3.01673	0.258083	-0.217033	
14.78	3.01877	0.258329	-0.217194	
14.79	3.02087	0.258393	-0.21743	
14.8	3.02292	0.258558	-0.217643	
14.81	3.02493	0.258738	-0.217834	
14.82	3.02692	0.258908	-0.217992	
14.83	3.02889	0.259067	-0.218125	
14.84	3.03084	0.259226	-0.218241	
14.85	3.03277	0.259381	-0.21834	
14.86	3.03477	0.259303	-0.218455	
14.87	3.0367	0.259366	-0.218548	
14.88	3.0386	0.259451	-0.218623	
14.89	3.04047	0.259525	-0.218688	
14.9	3.04233	0.259601	-0.218744	
14.91	3.04415	0.259686	-0.218793	
14.92	3.04595	0.259782	-0.218838	
14.93	3.04771	0.259892	-0.218879	
14.94	3.04944	0.260024	-0.218923	
14.95	3.05114	0.260173	-0.218967	
14.96	3.05283	0.260333	-0.21901	
14.97	3.05448	0.260505	-0.219052	
14.98	3.05611	0.260685	-0.219091	
14.99	3.05769	0.260866	-0.219119	
15	3.05922	0.261037	-0.219139	
15.01	3.06075	0.261182	-0.219171	
15.02	3.0623	0.261297	-0.219215	
15.03	3.06388	0.261257	-0.219259	
15.04	3.06552	0.260242	-0.219143	
15.05	3.06723	0.259109	-0.218931	
15.06	3.06901	0.257492	-0.218543	
15.07	3.07031	0.257119	-0.218254	
15.08	3.0716	0.257716	-0.217999	
15.09	3.07294	0.258278	-0.217766	
15.1	3.07433	0.258775	-0.217547	
15.11	3.07579	0.259237	-0.217342	
15.12	3.07732	0.259679	-0.217149	
15.13	3.07893	0.260108	-0.21697	
15.14	3.08061	0.260523	-0.216804	
15.15	3.08238	0.260923	-0.216655	
15.16	3.08423	0.261356	-0.216528	
15.17	3.08617	0.261742	-0.216435	
15.18	3.08818	0.262065	-0.216393	
15.19	3.09025	0.262421	-0.216434	
15.2	3.09222	0.262847	-0.216649	
15.21	3.09424	0.263138	-0.216926	
15.22	3.09641	0.263411	-0.217237	
15.23	3.0987	0.263659	-0.217597	
15.24	3.10105	0.263912	-0.217989	
15.25	3.10341	0.264185	-0.218401	
15.26	3.10579	0.264481	-0.218834	
15.27	3.10818	0.264799	-0.219288	
15.28	3.11048	0.265246	-0.219813	
15.29	3.11266	0.265875	-0.220422	
15.3	3.11487	0.266442	-0.221027	
15.31	3.11723	0.266915	-0.221582	
15.32	3.11955	0.267491	-0.222184	
15.33	3.12183	0.268184	-0.222822	
15.34	3.12407	0.268917	-0.223497	
15.35	3.12628	0.269699	-0.224205	
15.36	3.12846	0.270535	-0.224945	
15.37	3.13059	0.271445	-0.225722	
15.38	3.1327	0.272327	-0.226532	
15.39	3.13476	0.273295	-0.227396	
15.4	3.13675	0.274438	-0.228301	
15.41	3.13868	0.275659	-0.229228	
15.42	3.14055	0.276958	-0.230184	
15.43	3.14238	0.27832	-0.231163	
15.44	3.1442	0.279688	-0.232149	
15.45	3.14596	0.281127	-0.233166	
15.46	3.14765	0.282651	-0.234217	
15.47	3.1492	0.283906	-0.235202	
15.48	3.15091	0.285034	-0.236083	
15.49	3.15282	0.286068	-0.236941	
15.5	3.15488	0.286937	-0.237763	
15.51	3.15709	0.287641	-0.238526	
15.52	3.15949	0.28822	-0.239247	
15.53	3.16201	0.288666	-0.239923	
15.54	3.16464	0.288912	-0.240527	
15.55	3.16731	0.288442	-0.240916	
15.56	3.17004	0.287094	-0.241077	
15.57	3.17279	0.285302	-0.241275	
15.58	3.17573	0.285691	-0.242517	
15.59	3.17886	0.2862	-0.243855	
15.6	3.18198	0.286236	-0.245038	
15.61	3.18503	0.286002	-0.245963	
15.62	3.18806	0.285653	-0.24659	
15.63	3.1911	0.285191	-0.246986	
15.64	3.19419	0.284575	-0.247322	
15.65	3.19735	0.283786	-0.247604	
15.66	3.20056	0.282817	-0.247832	
15.67	3.20385	0.281649	-0.248004	
15.68	3.20723	0.280257	-0.248112	
15.69	3.21069	0.278629	-0.248157	
15.7	3.21424	0.276742	-0.248139	
15.71	3.21788	0.274576	-0.248055	
15.72	3.22161	0.272108	-0.247907	
15.73	3.22542	0.269321	-0.247697	
15.74	3.22931	0.266189	-0.247425	
15.75	3.23327	0.262688	-0.247097	
15.76	3.2373	0.258793	-0.246714	
15.77	3.24139	0.254472	-0.246283	
15.78	3.24552	0.249702	-0.245809	
15.79	3.24868	0.248995	-0.245998	
15.8	3.25139	0.249709	-0.24596	
15.81	3.25383	0.250298	-0.245865	
15.82	3.25593	0.250862	-0.245756	
15.83	3.25773	0.251363	-0.245589	
15.84	3.25928	0.251875	-0.245482	
15.85	3.26101	0.252384	-0.245717	
15.86	3.26268	0.252808	-0.245776	
15.87	3.2643	0.253218	-0.245826	
15.88	3.26592	0.253609	-0.245889	
15.89	3.26755	0.253987	-0.245988	
15.9	3.26918	0.25435	-0.246114	
15.91	3.27082	0.254698	-0.24627	
15.92	3.27246	0.255029	-0.246451	
15.93	3.2741	0.255343	-0.246654	
15.94	3.27578	0.25557	-0.246868	
15.95	3.2777	0.25524	-0.247048	
15.96	3.27987	0.254271	-0.247202	
15.97	3.2823	0.25265	-0.247324	
15.98	3.28415	0.254133	-0.247704	
15.99	3.28575	0.255503	-0.24789	
16	3.28731	0.256264	-0.248218	
16.01	3.28878	0.256798	-0.248578	
16.02	3.29027	0.257174	-0.248944	
16.03	3.29184	0.257423	-0.249336	
16.04	3.2935	0.257565	-0.249762	
16.05	3.29521	0.257616	-0.250228	
16.06	3.29693	0.257591	-0.25073	
16.07	3.29865	0.257495	-0.251267	
16.08	3.30037	0.257369	-0.251818	
16.09	3.30208	0.257162	-0.252406	
16.1	3.3038	0.256877	-0.253027	
16.11	3.30552	0.256541	-0.253667	
16.12	3.30726	0.256052	-0.254347	
16.13	3.309	0.254688	-0.255142	
16.14	3.31074	0.25235	-0.256067	
16.15	3.31213	0.252687	-0.256949	
16.16	3.31326	0.253026	-0.257488	
16.17	3.31459	0.253239	-0.257927	
16.18	3.31623	0.253639	-0.258162	
16.19	3.31799	0.253896	-0.258363	
16.2	3.31989	0.254063	-0.258571	
16.21	3.3219	0.254192	-0.258806	
16.22	3.32398	0.254325	-0.259046	
16.23	3.32606	0.254485	-0.259238	
16.24	3.32821	0.254602	-0.259448	
16.25	3.3304	0.254739	-0.259639	
16.26	3.33261	0.254898	-0.259804	
16.27	3.33485	0.255079	-0.259945	
16.28	3.33709	0.255276	-0.260063	
16.29	3.33935	0.255494	-0.260156	
16.3	3.34163	0.255703	-0.260245	
16.31	3.34393	0.255914	-0.260318	
16.32	3.34625	0.256136	-0.260372	
16.33	3.34857	0.256367	-0.260409	
16.34	3.35089	0.256714	-0.260388	
16.35	3.35319	0.257043	-0.26035	
16.36	3.3555	0.257393	-0.260282	
16.37	3.35777	0.257788	-0.260174	
16.38	3.36002	0.258234	-0.260026	
16.39	3.36225	0.258715	-0.259847	
16.4	3.36447	0.259163	-0.259673	
16.41	3.36672	0.25966	-0.259469	
16.42	3.36895	0.260278	-0.259186	
16.43	3.37117	0.261017	-0.258836	
16.44	3.37337	0.261867	-0.258427	
16.45	3.37556	0.262814	-0.257966	
16.46	3.37771	0.263845	-0.25746	
16.47	3.37982	0.264949	-0.256914	
16.48	3.38188	0.266117	-0.256333	
16.49	3.38391	0.267337	-0.255725	
16.5	3.38591	0.268597	-0.255095	
16.51	3.38788	0.269887	-0.254447	
16.52	3.38983	0.271196	-0.253789	
16.53	3.39176	0.272515	-0.253126	
16.54	3.39369	0.273834	-0.252464	
16.55	3.3956	0.275143	-0.251808	
16.56	3.39752	0.276431	-0.251165	
16.57	3.39945	0.277688	-0.250542	
16.58	3.40139	0.278924	-0.24993	
16.59	3.40335	0.280123	-0.249343	
16.6	3.40533	0.281241	-0.248806	
16.61	3.40733	0.282258	-0.24833	
16.62	3.40938	0.283187	-0.247905	
16.63	3.41146	0.284034	-0.247529	
16.64	3.41361	0.284776	-0.247218	
16.65	3.41582	0.2854	-0.246979	
16.66	3.41809	0.285891	-0.246817	
16.67	3.42044	0.286244	-0.246738	
16.68	3.42286	0.286442	-0.246749	
16.69	3.42536	0.286474	-0.24686	
16.7	3.42795	0.286332	-0.247072	
16.71	3.43062	0.286001	-0.247393	
16.72	3.43338	0.285472	-0.24782	
16.73	3.43623	0.28472	-0.248366	
16.74	3.43905	0.283298	-0.249048	
16.75	3.44179	0.28091	-0.249825	
16.76	3.44447	0.277543	-0.250701	
16.77	3.44731	0.273519	-0.251496	
16.78	3.45051	0.270168	-0.252347	
16.79	3.4536	0.265917	-0.253275	
16.8	3.45658	0.260699	-0.254304	
16.81	3.46023	0.256326	-0.255627	
16.82	3.4641	0.252234	-0.257325	
16.83	3.46795	0.247614	-0.25913	
16.84	3.47097	0.24678	-0.259781	
16.85	3.47394	0.247461	-0.259524	
16.86	3.47657	0.248053	-0.259197	
16.87	3.47887	0.248459	-0.258899	
16.88	3.48092	0.248772	-0.258596	
16.89	3.48279	0.249042	-0.258408	
16.9	3.48446	0.249305	-0.258308	
16.91	3.48591	0.249582	-0.258297	
16.92	3.48715	0.24989	-0.258384	
16.93	3.4882	0.250228	-0.258576	
16.94	3.4891	0.2506	-0.258877	
16.95	3.48983	0.25101	-0.259288	
16.96	3.49038	0.251464	-0.259809	
16.97	3.49076	0.251965	-0.260437	
16.98	3.49094	0.252518	-0.26117	
16.99	3.49162	0.253185	-0.261757	
17	3.49276	0.253488	-0.26248	
17.01	3.49405	0.253056	-0.263375	
17.02	3.49534	0.253214	-0.263897	
17.03	3.49636	0.253401	-0.264412	
17.04	3.49705	0.253733	-0.264936	
17.05	3.49758	0.254091	-0.265449	
17.06	3.49789	0.254448	-0.265965	
17.07	3.49797	0.254822	-0.26649	
17.08	3.49852	0.254954	-0.266848	
17.09	3.49979	0.255081	-0.267098	
17.1	3.50094	0.254317	-0.267473	
17.11	3.50197	0.252483	-0.268006	
17.12	3.50299	0.250299	-0.268435	
17.13	3.50422	0.249814	-0.268313	
17.14	3.50566	0.249987	-0.268254	
17.15	3.5072	0.250492	-0.268224	
17.16	3.50865	0.251208	-0.268309	
17.17	3.51018	0.251664	-0.268445	
17.18	3.51193	0.251735	-0.268691	
17.19	3.51377	0.251814	-0.268961	
17.2	3.51562	0.251902	-0.269267	
17.21	3.51749	0.251992	-0.269628	
17.22	3.51939	0.252082	-0.27002	
17.23	3.52133	0.252179	-0.270434	
17.24	3.52331	0.252288	-0.270872	
17.25	3.52534	0.252407	-0.271338	
17.26	3.52739	0.25254	-0.271831	
17.27	3.52946	0.252689	-0.272351	
17.28	3.53156	0.252924	-0.27287	
17.29	3.53365	0.253126	-0.273444	
17.3	3.53576	0.253346	-0.274037	
17.31	3.53788	0.253589	-0.274643	
17.32	3.54001	0.253847	-0.275259	
17.33	3.54217	0.254115	-0.275874	
17.34	3.54434	0.254211	-0.276571	
17.35	3.54658	0.254572	-0.277151	
17.36	3.54885	0.254987	-0.277681	
17.37	3.55117	0.255397	-0.278204	
17.38	3.55353	0.255815	-0.278704	
17.39	3.55592	0.256247	-0.279175	
17.4	3.55835	0.256672	-0.279621	
17.41	3.56081	0.257082	-0.280045	
17.42	3.5633	0.257524	-0.280469	
17.43	3.56574	0.258068	-0.280912	
17.44	3.56814	0.258643	-0.281361	
17.45	3.57051	0.25882	-0.281927	
17.46	3.57296	0.25875	-0.282581	
17.47	3.57544	0.258982	-0.283136	
17.48	3.57785	0.259912	-0.283591	
17.49	3.58025	0.260703	-0.28402	
17.5	3.58263	0.261386	-0.284438	
17.51	3.585	0.262008	-0.284863	
17.52	3.58737	0.262588	-0.285296	
17.53	3.58975	0.263126	-0.28573	
17.54	3.59212	0.263634	-0.286162	
17.55	3.5945	0.264109	-0.286616	
17.56	3.59691	0.264503	-0.28708	
17.57	3.59936	0.264808	-0.287537	
17.58	3.60186	0.265012	-0.288002	
17.59	3.6044	0.265099	-0.288477	
17.6	3.60701	0.265052	-0.288966	
17.61	3.60968	0.264857	-0.289474	
17.62	3.61242	0.264513	-0.290013	
17.63	3.61522	0.264012	-0.290559	
17.64	3.61809	0.26335	-0.291057	
17.65	3.62102	0.262516	-0.291504	
17.66	3.62402	0.261492	-0.291899	
17.67	3.6271	0.260262	-0.29224	
17.68	3.63025	0.258812	-0.292523	
17.69	3.63347	0.257125	-0.292745	
17.7	3.63677	0.25518	-0.292907	
17.71	3.64015	0.252959	-0.293007	
17.72	3.6436	0.250441	-0.293046	
17.73	3.64715	0.247513	-0.293013	
17.74	3.65009	0.246175	-0.292951	
17.75	3.65199	0.246879	-0.292804	
17.76	3.65344	0.247538	-0.29264	
17.77	3.65455	0.248108	-0.292462	
17.78	3.65538	0.248613	-0.292277	
17.79	3.65625	0.249196	-0.292158	
17.8	3.65794	0.250106	-0.292632	
17.81	3.65983	0.250635	-0.293063	
17.82	3.66189	0.250701	-0.2934	
17.83	3.66371	0.251075	-0.293645	
17.84	3.66548	0.251519	-0.293868	
17.85	3.66723	0.251947	-0.294078	
17.86	3.66898	0.252362	-0.294264	
17.87	3.67075	0.252765	-0.294436	
17.88	3.67253	0.253159	-0.294587	
17.89	3.67432	0.253546	-0.29472	
17.9	3.67613	0.253926	-0.29485	
17.91	3.67797	0.254314	-0.29498	
17.92	3.6798	0.254703	-0.295117	
17.93	3.68162	0.255084	-0.295271	
17.94	3.68344	0.255457	-0.295439	
17.95	3.68524	0.25582	-0.295629	
17.96	3.68703	0.25617	-0.295837	
17.97	3.68882	0.25651	-0.296063	
17.98	3.69061	0.256838	-0.296307	
17.99	3.69239	0.257155	-0.29657	
18	3.694	0.257536	-0.296849	
18.01	3.69558	0.257896	-0.297166	
18.02	3.69714	0.258196	-0.297531	
18.03	3.69869	0.258432	-0.297941	
18.04	3.70021	0.258613	-0.298384	
18.05	3.70172	0.258719	-0.298838	
18.06	3.70319	0.25875	-0.299313	
18.07	3.70464	0.258706	-0.299806	
18.08	3.70605	0.258591	-0.300318	
18.09	3.70743	0.258409	-0.300848	
18.1	3.70877	0.258177	-0.301371	
18.11	3.71004	0.257888	-0.301774	
18.12	3.71134	0.257527	-0.302217	
18.13	3.71259	0.25713	-0.302719	
18.14	3.71378	0.256694	-0.303247	
18.15	3.71485	0.256205	-0.303779	
18.16	3.71615	0.255982	-0.304259	
18.17	3.71779	0.256167	-0.30468	
18.18	3.71953	0.256328	-0.30511	
18.19	3.72131	0.256462	-0.305561	
18.2	3.72314	0.256606	-0.306016	
18.21	3.72503	0.256789	-0.30646	
18.22	3.72698	0.256921	-0.306878	
18.23	3.729	0.257072	-0.307273	
18.24	3.73109	0.257256	-0.307642	
18.25	3.73324	0.257467	-0.307985	
18.26	3.73545	0.2577	-0.308308	
18.27	3.73769	0.258046	-0.308551	
18.28	3.73994	0.258404	-0.308785	
18.29	3.74219	0.258725	-0.309032	
18.3	3.74446	0.259094	-0.30924	
18.31	3.74671	0.259488	-0.309425	
18.32	3.74898	0.259898	-0.309593	
18.33	3.75124	0.260333	-0.309736	
18.34	3.75351	0.260793	-0.309855	
18.35	3.75579	0.261287	-0.309947	
18.36	3.75809	0.261827	-0.310003	
18.37	3.7604	0.262423	-0.310019	
18.38	3.76275	0.263108	-0.309979	
18.39	3.76514	0.263897	-0.309879	
18.4	3.76757	0.264751	-0.309737	
18.41	3.77003	0.265676	-0.30955	
18.42	3.7725	0.266678	-0.30931	
18.43	3.77494	0.267709	-0.30906	
18.44	3.77737	0.268645	-0.308845	
18.45	3.77985	0.269653	-0.308579	
18.46	3.78233	0.270717	-0.308277	
18.47	3.78479	0.271824	-0.307946	
18.48	3.78723	0.272916	-0.307624	
18.49	3.78965	0.273724	-0.30738	
18.5	3.79196	0.273358	-0.307171	
18.51	3.79437	0.272111	-0.306868	
18.52	3.7975	0.273217	-0.306356	
18.53	3.80061	0.274627	-0.305938	
18.54	3.8036	0.275591	-0.305697	
18.55	3.80652	0.276292	-0.305543	
18.56	3.80944	0.276827	-0.305452	
18.57	3.81237	0.277214	-0.305424	
18.58	3.81532	0.277515	-0.305429	
18.59	3.81828	0.277693	-0.305492	
18.6	3.82127	0.27774	-0.305609	
18.61	3.8243	0.277645	-0.305784	
18.62	3.82738	0.277399	-0.306021	
18.63	3.83051	0.276989	-0.306325	
18.64	3.83369	0.276401	-0.3067	
18.65	3.83694	0.275623	-0.307149	
18.66	3.84024	0.274628	-0.30768	
18.67	3.84362	0.273377	-0.308306	
18.68	3.84704	0.271886	-0.309015	
18.69	3.85052	0.270141	-0.309813	
18.7	3.85405	0.268121	-0.310701	
18.71	3.85763	0.265789	-0.311689	
18.72	3.86125	0.263129	-0.312765	
18.73	3.8649	0.260102	-0.313938	
18.74	3.86858	0.256689	-0.3152	
18.75	3.87231	0.252878	-0.316543	
18.76	3.87609	0.248653	-0.317963	
18.77	3.87993	0.243986	-0.319451	
18.78	3.8838	0.23883	-0.321009	
18.79	3.88769	0.233144	-0.322613	
18.8	3.89049	0.232658	-0.322553	
18.81	3.89278	0.233695	-0.321953	
18.82	3.89453	0.234683	-0.321524	
18.83	3.89597	0.235131	-0.321273	
18.84	3.89689	0.235715	-0.321085	
18.85	3.89739	0.236193	-0.32096	
18.86	3.89779	0.236739	-0.320954	
18.87	3.8993	0.23784	-0.321037	
18.88	3.90107	0.238458	-0.321164	
18.89	3.90303	0.238431	-0.321333	
18.9	3.90481	0.238775	-0.321405	
18.91	3.90657	0.239241	-0.321315	
18.92	3.90834	0.239678	-0.321218	
18.93	3.91009	0.240071	-0.321142	
18.94	3.91182	0.240423	-0.321086	
18.95	3.91353	0.240744	-0.321043	
18.96	3.91524	0.241053	-0.320997	
18.97	3.91692	0.241359	-0.320939	
18.98	3.91859	0.241588	-0.320933	
18.99	3.92022	0.241769	-0.320927	
19	3.9218	0.241912	-0.320892	
19.01	3.92338	0.242034	-0.32083	
19.02	3.92498	0.24211	-0.320782	
19.03	3.92658	0.242188	-0.320782	
19.04	3.92819	0.242196	-0.320778	
19.05	3.92979	0.24212	-0.320768	
19.06	3.93136	0.241966	-0.320751	
19.07	3.93292	0.241692	-0.320706	
19.08	3.93445	0.241365	-0.320663	
19.09	3.93594	0.240994	-0.320623	
19.1	3.93741	0.240592	-0.32057	
19.11	3.93882	0.240159	-0.3205	
19.12	3.94019	0.239659	-0.320472	
19.13	3.94153	0.239112	-0.320458	
19.14	3.94283	0.238539	-0.320441	
19.15	3.94405	0.237929	-0.320424	
19.16	3.94521	0.237342	-0.320387	
19.17	3.94625	0.236746	-0.320292	
19.18	3.94797	0.236502	-0.320371	
19.19	3.94987	0.236459	-0.320549	
19.2	3.95178	0.236417	-0.320764	
19.21	3.95371	0.236366	-0.321005	
19.22	3.95569	0.236316	-0.321266	
19.23	3.95774	0.23628	-0.321523	
19.24	3.95982	0.236251	-0.321803	
19.25	3.96191	0.23623	-0.322114	
19.26	3.96405	0.236229	-0.322479	
19.27	3.96619	0.236243	-0.322849	
19.28	3.96835	0.236277	-0.323241	
19.29	3.97052	0.236328	-0.323658	
19.3	3.9727	0.236396	-0.324101	
19.31	3.97488	0.236479	-0.32457	
19.32	3.97706	0.23657	-0.325061	
19.33	3.97926	0.236688	-0.325575	
19.34	3.98149	0.236873	-0.326047	
19.35	3.98367	0.236792	-0.326603	
19.36	3.98584	0.236296	-0.32728	
19.37	3.98824	0.235778	-0.327822	
19.38	3.99083	0.236035	-0.327989	
19.39	3.99338	0.236373	-0.328219	
19.4	3.99592	0.236674	-0.328491	
19.41	3.99843	0.23689	-0.328806	
19.42	4.00094	0.237089	-0.329137	
19.43	4.00346	0.237324	-0.329457	
19.44	4.00597	0.237516	-0.329798	
19.45	4.00848	0.23773	-0.330143	
19.46	4.01102	0.238088	-0.330395	
19.47	4.01355	0.238425	-0.330661	
19.48	4.01609	0.238701	-0.330915	
19.49	4.01868	0.238855	-0.331146	
19.5	4.0213	0.238965	-0.331357	
19.51	4.02393	0.238912	-0.331544	
19.52	4.02668	0.23864	-0.33169	
19.53	4.02952	0.238273	-0.331753	
19.54	4.0324	0.237791	-0.331736	
19.55	4.03536	0.237104	-0.331701	
19.56	4.03837	0.236305	-0.331631	
19.57	4.0414	0.235433	-0.331527	
19.58	4.04445	0.234469	-0.331401	
19.59	4.04752	0.233397	-0.331254	
19.6	4.0506	0.232202	-0.331085	
19.61	4.05304	0.232282	-0.330359	
19.62	4.05491	0.232748	-0.32958	
19.63	4.05648	0.233091	-0.328799	
19.64	4.05804	0.233318	-0.328034	
19.65	4.05956	0.233746	-0.327327	
19.66	4.06109	0.23414	-0.326637	
19.67	4.06249	0.234712	-0.325935	
19.68	4.06375	0.235281	-0.325198	
19.69	4.0648	0.235973	-0.32451	
19.7	4.06685	0.237541	-0.325283	
19.71	4.06924	0.239226	-0.326435	
19.72	4.07165	0.240259	-0.327506	
19.73	4.07408	0.240806	-0.328291	
19.74	4.07656	0.240958	-0.328833	
19.75	4.0791	0.240746	-0.329181	
19.76	4.08173	0.240179	-0.329356	
19.77	4.08445	0.239255	-0.32937	
19.78	4.08662	0.239544	-0.329199	
19.79	4.08857	0.239943	-0.329441	
19.8	4.08982	0.240733	-0.329784	
19.81	4.09032	0.241702	-0.32992	
19.82	4.0902	0.242678	-0.329826	
19.83	4.0898	0.243662	-0.329876	
19.84	4.08935	0.24424	-0.330141	
19.85	4.08904	0.243793	-0.330297	
19.86	4.08811	0.244496	-0.330609	
19.87	4.08694	0.245909	-0.331355	
19.88	4.08569	0.247023	-0.332318	
19.89	4.08449	0.247942	-0.333411	
19.9	4.08347	0.248742	-0.334502	
19.91	4.08259	0.249497	-0.335627	
19.92	4.08186	0.250219	-0.336806	
19.93	4.08128	0.250916	-0.338041	
19.94	4.08084	0.251592	-0.339343	
19.95	4.08057	0.252147	-0.340733	
19.96	4.08076	0.252634	-0.341825	
19.97	4.08136	0.253321	-0.342536	
19.98	4.0824	0.253382	-0.343088	
19.99	4.08396	0.252778	-0.343427	
20	4.08578	0.251346	-0.343724	
20.01	4.08797	0.24923	-0.343811	
20.02	4.09069	0.246703	-0.343451	
20.03	4.09354	0.243394	-0.342969	
20.04	4.09589	0.2424	-0.343196	
20.05	4.097	0.245889	-0.3447	
20.06	4.09771	0.250156	-0.346404	
20.07	4.0983	0.253001	-0.348068	
20.08	4.09907	0.254646	-0.349502	
20.09	4.1	0.255526	-0.35062	
20.1	4.10096	0.256743	-0.351504	
20.11	4.10193	0.257909	-0.352225	
20.12	4.10296	0.25893	-0.352767	
20.13	4.10411	0.259625	-0.353202	
20.14	4.10543	0.259937	-0.353528	
20.15	4.10702	0.259669	-0.353857	
20.16	4.10861	0.260646	-0.354518	
20.17	4.11022	0.261471	-0.355142	
20.18	4.11185	0.262115	-0.355624	
20.19	4.11353	0.262686	-0.355991	
20.2	4.11521	0.263373	-0.356356	
20.21	4.11698	0.263895	-0.356692	
20.22	4.11894	0.264243	-0.357152	
20.23	4.12096	0.264643	-0.357596	
20.24	4.12302	0.265077	-0.358003	
20.25	4.12509	0.265539	-0.358405	
20.26	4.12719	0.266024	-0.358785	
20.27	4.12932	0.266491	-0.359141	
20.28	4.13147	0.266966	-0.35949	
20.29	4.13364	0.267457	-0.359827	
20.3	4.13583	0.267965	-0.360147	
20.31	4.13803	0.268494	-0.360454	
20.32	4.14025	0.26904	-0.360747	
20.33	4.14247	0.269604	-0.361025	
20.34	4.1447	0.270204	-0.361294	
20.35	4.14692	0.270955	-0.3616	
20.36	4.14915	0.271696	-0.361907	
20.37	4.15138	0.272404	-0.362179	
20.38	4.15363	0.27316	-0.362474	
20.39	4.15588	0.273966	-0.362796	
20.4	4.15814	0.274818	-0.363156	
20.41	4.1604	0.275741	-0.363534	
20.42	4.16259	0.276777	-0.363866	
20.43	4.16474	0.2779	-0.364142	
20.44	4.16688	0.278948	-0.364377	
20.45	4.16907	0.27882	-0.364463	
20.46	4.17101	0.280339	-0.364776	
20.47	4.17283	0.281674	-0.364651	
20.48	4.1748	0.282129	-0.36442	
20.49	4.17707	0.28265	-0.3646	
20.5	4.17941	0.283247	-0.364857	
20.51	4.18178	0.283795	-0.365162	
20.52	4.18419	0.28434	-0.365544	
20.53	4.18663	0.284877	-0.365998	
20.54	4.18911	0.285379	-0.366514	
20.55	4.1916	0.285847	-0.367061	
20.56	4.19411	0.286249	-0.367621	
20.57	4.19665	0.286574	-0.368194	
20.58	4.19923	0.286805	-0.368779	
20.59	4.20184	0.286945	-0.369362	
20.6	4.20448	0.286988	-0.369929	
20.61	4.20718	0.286867	-0.370495	
20.62	4.20996	0.28658	-0.371076	
20.63	4.2128	0.286113	-0.371657	
20.64	4.21572	0.285473	-0.372263	
20.65	4.21869	0.28466	-0.372934	
20.66	4.22173	0.283648	-0.373685	
20.67	4.22484	0.282423	-0.374517	
20.68	4.22802	0.280962	-0.375433	
20.69	4.23127	0.279258	-0.376437	
20.7	4.23458	0.277294	-0.377525	
20.71	4.23797	0.275036	-0.378703	
20.72	4.24143	0.272471	-0.379965	
20.73	4.24495	0.269577	-0.381308	
20.74	4.24853	0.266322	-0.382731	
20.75	4.25219	0.262657	-0.384234	
20.76	4.2559	0.258548	-0.385812	
20.77	4.25966	0.253976	-0.387449	
20.78	4.26343	0.248804	-0.389185	
20.79	4.26633	0.248074	-0.389589	
20.8	4.26881	0.248837	-0.389647	
20.81	4.27097	0.249608	-0.389763	
20.82	4.27272	0.250366	-0.389964	
20.83	4.27444	0.251021	-0.39023	
20.84	4.27613	0.251603	-0.390548	
20.85	4.2778	0.252147	-0.390902	
20.86	4.27943	0.252655	-0.391297	
20.87	4.28103	0.253126	-0.39173	
20.88	4.28249	0.253565	-0.392247	
20.89	4.28359	0.25398	-0.392885	
20.9	4.28456	0.254422	-0.39354	
20.91	4.28608	0.254871	-0.394056	
20.92	4.28762	0.2549	-0.394767	
20.93	4.28891	0.255203	-0.395472	
20.94	4.29021	0.255493	-0.39619	
20.95	4.29153	0.255755	-0.396919	
20.96	4.29288	0.256018	-0.397596	
20.97	4.29428	0.256281	-0.398199	
20.98	4.29573	0.256529	-0.398717	
20.99	4.29722	0.256754	-0.399137	
21	4.29874	0.256941	-0.399448	
21.01	4.3003	0.257088	-0.399643	
21.02	4.30187	0.257196	-0.399782	
21.03	4.30347	0.257254	-0.399918	
21.04	4.30509	0.257257	-0.400051	
21.05	4.30673	0.257201	-0.40018	
21.06	4.30837	0.257085	-0.400302	
21.07	4.31	0.256906	-0.400416	
21.08	4.31157	0.256702	-0.40058	
21.09	4.31317	0.256385	-0.400681	
21.1	4.31474	0.256023	-0.400773	
21.11	4.31627	0.255614	-0.400865	
21.12	4.31776	0.255161	-0.400959	
21.13	4.31921	0.254735	-0.401077	
21.14	4.32061	0.25423	-0.401206	
21.15	4.32193	0.253689	-0.401314	
21.16	4.32316	0.253118	-0.401369	
21.17	4.3243	0.252485	-0.401314	
21.18	4.32533	0.251787	-0.401129	
21.19	4.32694	0.251676	-0.401316	
21.2	4.32877	0.251748	-0.401706	
21.21	4.33063	0.251797	-0.402142	
21.22	4.33249	0.251815	-0.402624	
21.23	4.33439	0.251835	-0.403131	
21.24	4.33632	0.251866	-0.403662	
21.25	4.33829	0.251905	-0.404215	
21.26	4.34029	0.251958	-0.404793	
21.27	4.3423	0.252024	-0.405392	
21.28	4.34434	0.252104	-0.406016	
21.29	4.34639	0.252196	-0.406666	
21.3	4.34849	0.252387	-0.407301	
21.31	4.35067	0.252869	-0.407852	
21.32	4.3528	0.253552	-0.408398	
21.33	4.35476	0.253758	-0.409172	
21.34	4.35685	0.253615	-0.40996	
21.35	4.35907	0.253772	-0.410659	
21.36	4.36136	0.254165	-0.411272	
21.37	4.36369	0.25468	-0.411845	
21.38	4.366	0.255241	-0.412422	
21.39	4.36829	0.255843	-0.413019	
21.4	4.37054	0.256501	-0.413666	
21.41	4.37269	0.257325	-0.414386	
21.42	4.37475	0.258284	-0.415195	
21.43	4.37673	0.259354	-0.41609	
21.44	4.37867	0.260512	-0.417062	
21.45	4.38053	0.261737	-0.418076	
21.46	4.38234	0.263044	-0.419148	
21.47	4.38409	0.264417	-0.420266	
21.48	4.3858	0.265852	-0.421434	
21.49	4.38745	0.267339	-0.422652	
21.5	4.38907	0.268868	-0.423914	
21.51	4.39065	0.270418	-0.425202	
21.52	4.39221	0.271986	-0.426497	
21.53	4.39375	0.273565	-0.427798	
21.54	4.39484	0.274475	-0.429343	
21.55	4.39573	0.274628	-0.430864	
21.56	4.39694	0.274672	-0.432076	
21.57	4.3982	0.274459	-0.433232	
21.58	4.39974	0.274136	-0.434307	
21.59	4.4015	0.273616	-0.435305	
21.6	4.40352	0.27289	-0.436212	
21.61	4.40573	0.271942	-0.43702	
21.62	4.40822	0.27075	-0.437706	
21.63	4.41085	0.268562	-0.43848	
21.64	4.41352	0.26501	-0.439416	
21.65	4.41668	0.262498	-0.439531	
21.66	4.42029	0.262083	-0.439154	
21.67	4.42392	0.260889	-0.438881	
21.68	4.42758	0.258381	-0.438697	
21.69	4.43129	0.254505	-0.438649	
21.7	4.43526	0.252268	-0.437888	
21.71	4.43927	0.250047	-0.437248	
21.72	4.44326	0.247036	-0.436719	
21.73	4.44725	0.243377	-0.436284	
21.74	4.45117	0.239995	-0.436216	
21.75	4.45455	0.240163	-0.436242	
21.76	4.45768	0.240575	-0.436286	
21.77	4.46058	0.240647	-0.436366	
21.78	4.46323	0.240822	-0.436329	
21.79	4.46545	0.240897	-0.436442	
21.8	4.46748	0.240998	-0.436961	
21.81	4.46949	0.241075	-0.437432	
21.82	4.47149	0.241137	-0.437863	
21.83	4.47346	0.241215	-0.438266	
21.84	4.47541	0.241306	-0.438643	
21.85	4.47734	0.241392	-0.43899	
21.86	4.47926	0.241478	-0.439307	
21.87	4.48117	0.241557	-0.439592	
21.88	4.48308	0.241633	-0.439846	
21.89	4.48497	0.241712	-0.440068	
21.9	4.48685	0.241796	-0.44026	
21.91	4.48873	0.241881	-0.440442	
21.92	4.49061	0.241969	-0.440613	
21.93	4.49247	0.24206	-0.440761	
21.94	4.49433	0.242156	-0.440898	
21.95	4.49617	0.242255	-0.441026	
21.96	4.49809	0.242131	-0.441122	
21.97	4.49991	0.242282	-0.441235	
21.98	4.5017	0.242463	-0.441327	
21.99	4.5035	0.242609	-0.441408	
22	4.50508	0.242881	-0.441511	
22.01	4.50646	0.243196	-0.441537	
22.02	4.50766	0.243538	-0.441425	
22.03	4.50865	0.243914	-0.441177	
22.04	4.51024	0.244197	-0.441531	
22.05	4.512	0.243778	-0.44189	
22.06	4.51391	0.243581	-0.442594	
22.07	4.51602	0.243289	-0.443408	
22.08	4.5179	0.243002	-0.444057	
22.09	4.51955	0.242727	-0.444612	
22.1	4.5211	0.242424	-0.445114	
22.11	4.52259	0.242091	-0.445597	
22.12	4.52404	0.241722	-0.446067	
22.13	4.52547	0.241858	-0.446725	
22.14	4.52695	0.242194	-0.44734	
22.15	4.52847	0.242525	-0.447852	
22.16	4.53004	0.242839	-0.448371	
22.17	4.53168	0.243132	-0.448896	
22.18	4.53342	0.243402	-0.449428	
22.19	4.53524	0.243645	-0.449967	
22.2	4.53713	0.243873	-0.450507	
22.21	4.53906	0.243948	-0.451034	
22.22	4.54117	0.243865	-0.451523	
22.23	4.5434	0.244243	-0.45205	
22.24	4.54566	0.244555	-0.452559	
22.25	4.54795	0.24482	-0.453053	
22.26	4.55029	0.245068	-0.45353	
22.27	4.55267	0.245318	-0.453988	
22.28	4.55514	0.245589	-0.454431	
22.29	4.55765	0.245836	-0.454866	
22.3	4.56024	0.246095	-0.45528	
22.31	4.56287	0.246372	-0.455672	
22.32	4.56553	0.24667	-0.456044	
22.33	4.56818	0.247052	-0.456353	
22.34	4.5708	0.247556	-0.456586	
22.35	4.57337	0.248188	-0.456743	
22.36	4.57589	0.248958	-0.456817	
22.37	4.57837	0.249198	-0.457022	
22.38	4.58077	0.248495	-0.45736	
22.39	4.58329	0.248733	-0.457458	
22.4	4.58575	0.250182	-0.457219	
22.41	4.58838	0.252386	-0.456811	
22.42	4.5909	0.253948	-0.45632	
22.43	4.59303	0.253642	-0.455505	
22.44	4.59529	0.252854	-0.45509	
22.45	4.59774	0.251541	-0.454992	
22.46	4.60027	0.248974	-0.454806	
22.47	4.60303	0.24591	-0.454857	
22.48	4.60597	0.245756	-0.455803	
22.49	4.6092	0.24673	-0.456389	
22.5	4.61256	0.24777	-0.456932	
22.51	4.61597	0.248259	-0.457352	
22.52	4.61941	0.248358	-0.457617	
22.53	4.62281	0.248244	-0.457892	
22.54	4.62617	0.247986	-0.458191	
22.55	4.62958	0.247456	-0.458585	
22.56	4.63302	0.246705	-0.459032	
22.57	4.63647	0.245772	-0.459526	
22.58	4.63995	0.244648	-0.46007	
22.59	4.64347	0.24332	-0.460663	
22.6	4.64701	0.24176	-0.461312	
22.61	4.65059	0.239955	-0.462017	
22.62	4.6542	0.23789	-0.462776	
22.63	4.65618	0.238431	-0.463074	
22.64	4.65732	0.24002	-0.463144	
22.65	4.65832	0.241577	-0.463184	
22.66	4.65918	0.242263	-0.463249	
22.67	4.65991	0.241739	-0.463368	
22.68	4.66039	0.241595	-0.464035	
22.69	4.66051	0.243622	-0.464744	
22.7	4.66205	0.246394	-0.464778	
22.71	4.66386	0.248869	-0.464836	
22.72	4.66583	0.250729	-0.464858	
22.73	4.66797	0.252043	-0.46482	
22.74	4.67025	0.252879	-0.464806	
22.75	4.67264	0.253264	-0.464952	
22.76	4.67514	0.253141	-0.465294	
22.77	4.67764	0.252883	-0.465713	
22.78	4.67983	0.253364	-0.465883	
22.79	4.68192	0.253825	-0.46608	
22.8	4.68398	0.254244	-0.466312	
22.81	4.68606	0.25444	-0.466643	
22.82	4.68807	0.254737	-0.466962	
22.83	4.69005	0.254951	-0.467332	
22.84	4.69203	0.255118	-0.467731	
22.85	4.694	0.255284	-0.468136	
22.86	4.69594	0.255441	-0.468553	
22.87	4.69787	0.255598	-0.468989	
22.88	4.69977	0.255756	-0.469442	
22.89	4.70165	0.25592	-0.469914	
22.9	4.70352	0.25609	-0.470404	
22.91	4.70535	0.256268	-0.470915	
22.92	4.70717	0.256451	-0.471444	
22.93	4.70897	0.256657	-0.471983	
22.94	4.71075	0.256874	-0.472527	
22.95	4.71251	0.257093	-0.473088	
22.96	4.71428	0.257235	-0.473677	
22.97	4.71624	0.256782	-0.474381	
22.98	4.71833	0.256273	-0.475034	
22.99	4.72012	0.257065	-0.475301	
23	4.72168	0.257622	-0.475728	
23.01	4.72323	0.25799	-0.476179	
23.02	4.72481	0.258222	-0.4766	
23.03	4.72639	0.258367	-0.476973	
23.04	4.72796	0.258447	-0.477294	
23.05	4.72953	0.258461	-0.477552	
23.06	4.7311	0.258423	-0.47775	
23.07	4.73267	0.258337	-0.477913	
23.08	4.73422	0.258205	-0.478072	
23.09	4.73575	0.258046	-0.478238	
23.1	4.73719	0.257864	-0.478425	
23.11	4.73866	0.257626	-0.478553	
23.12	4.74009	0.257349	-0.478676	
23.13	4.74151	0.25705	-0.478795	
23.14	4.74286	0.256735	-0.478912	
23.15	4.74416	0.256394	-0.479013	
23.16	4.74541	0.256005	-0.479041	
23.17	4.74686	0.255895	-0.479026	
23.18	4.74878	0.256315	-0.479017	
23.19	4.75082	0.256745	-0.47905	
23.2	4.7529	0.257152	-0.479113	
23.21	4.75504	0.25755	-0.479206	
23.22	4.75726	0.257911	-0.479306	
23.23	4.75953	0.258247	-0.479425	
23.24	4.76184	0.258593	-0.479568	
23.25	4.76417	0.258957	-0.479733	
23.26	4.76652	0.258896	-0.480011	
23.27	4.76889	0.25879	-0.480251	
23.28	4.77123	0.25898	-0.480428	
23.29	4.77354	0.259937	-0.480535	
23.3	4.77584	0.260807	-0.480697	
23.31	4.77817	0.261525	-0.480933	
23.32	4.78053	0.262095	-0.481218	
23.33	4.78293	0.262634	-0.481507	
23.34	4.78533	0.263193	-0.481809	
23.35	4.78771	0.263785	-0.482121	
23.36	4.79008	0.264416	-0.482449	
23.37	4.79243	0.265077	-0.482789	
23.38	4.7948	0.265736	-0.483127	
23.39	4.79718	0.266396	-0.483464	
23.4	4.79956	0.267063	-0.48381	
23.41	4.80188	0.267804	-0.484174	
23.42	4.80419	0.268564	-0.484542	
23.43	4.80649	0.269352	-0.484919	
23.44	4.80879	0.270142	-0.485287	
23.45	4.81109	0.270927	-0.485658	
23.46	4.81337	0.271728	-0.486033	
23.47	4.81559	0.272609	-0.486439	
23.48	4.81784	0.273381	-0.486858	
23.49	4.82021	0.27405	-0.4872	
23.5	4.82259	0.274696	-0.48753	
23.51	4.82499	0.2753	-0.487847	
23.52	4.82742	0.275863	-0.488149	
23.53	4.82985	0.276402	-0.48844	
23.54	4.83226	0.276947	-0.488734	
23.55	4.83466	0.277484	-0.489024	
23.56	4.83705	0.278001	-0.489307	
23.57	4.83946	0.278482	-0.48958	
23.58	4.84188	0.278913	-0.489839	
23.59	4.84433	0.279276	-0.490081	
23.6	4.84682	0.279557	-0.490301	
23.61	4.84935	0.279739	-0.490495	
23.62	4.85194	0.279804	-0.490661	
23.63	4.8546	0.279738	-0.490796	
23.64	4.85733	0.279524	-0.490895	
23.65	4.86013	0.279144	-0.490956	
23.66	4.86303	0.27858	-0.490976	
23.67	4.86602	0.277813	-0.490953	
23.68	4.86911	0.276827	-0.490885	
23.69	4.8723	0.275605	-0.490774	
23.7	4.87559	0.274131	-0.490618	
23.71	4.87899	0.27243	-0.490413	
23.72	4.88249	0.27043	-0.490132	
23.73	4.88609	0.26803	-0.489845	
23.74	4.8898	0.26529	-0.489519	
23.75	4.89361	0.262194	-0.489142	
23.76	4.8975	0.258713	-0.488719	
23.77	4.90149	0.254511	-0.488267	
23.78	4.90557	0.250223	-0.487758	
23.79	4.9097	0.245541	-0.487157	
23.8	4.91386	0.240288	-0.486568	
23.81	4.91801	0.234459	-0.48597	
23.82	4.92213	0.228034	-0.48535	
