0	-7.17959e-09	-1.08221e-20	6.2518e-21	
0.01	0.00147064	0.00214982	0.000883895	
0.02	0.00295383	0.00425244	0.0195034	
0.03	0.00462772	0.0061738	0.0362113	
0.04	0.00621451	0.00779367	0.0505601	
0.05	0.00745256	0.00916002	0.0627748	
0.06	0.00839457	0.0102809	0.0730561	
0.07	0.00908064	0.0111725	0.0815926	
0.08	0.00820061	0.0078718	0.0813776	
0.09	0.0253322	-0.00391585	0.0699922	
0.1	0.0229485	-0.0200069	0.0608389	
0.11	0.0184968	-0.0277537	0.0572324	
0.12	0.0154633	-0.0307111	0.0542011	
0.13	0.0143346	-0.0327019	0.0507055	
0.14	0.0127523	-0.034202	0.0459248	
0.15	0.0111422	-0.0355479	0.0404519	
0.16	0.00836603	-0.0370288	0.0353188	
0.17	0.00631584	-0.0362695	0.0292676	
0.18	0.00482363	-0.0395952	0.0215549	
0.19	-3.20666e-05	-0.0402863	0.0150981	
0.2	-0.0039562	-0.0408167	0.0101714	
0.21	-0.00783292	-0.0414529	0.00645579	
0.22	-0.0117191	-0.0420731	0.00333537	
0.23	-0.0156036	-0.0422907	-0.000211708	
0.24	-0.0179399	-0.0423669	-0.00397872	
0.25	-0.016003	-0.0424852	-0.00676015	
0.26	-0.0157961	-0.0422847	-0.0101411	
0.27	-0.0193661	-0.0420105	-0.0145203	
0.28	-0.0265761	-0.0418548	-0.0199628	
0.29	-0.0348862	-0.0425922	-0.0263908	
0.3	-0.0368759	-0.0451594	-0.0317725	
0.31	-0.037999	-0.0508749	-0.0353032	
0.32	-0.0434807	-0.0457939	-0.0353007	
0.33	-0.0479816	-0.0412538	-0.0390654	
0.34	-0.050929	-0.0376133	-0.0439178	
0.35	-0.0548296	-0.0343385	-0.049655	
0.36	-0.0514565	-0.0324511	-0.0523262	
0.37	-0.038117	-0.0301998	-0.0542126	
0.38	-0.0264306	-0.0275393	-0.0618064	
0.39	-0.0193863	-0.0258791	-0.0701354	
0.4	-0.0160021	-0.0239539	-0.0781693	
0.41	-0.015406	-0.0221182	-0.085885	
0.42	-0.0142399	-0.0202421	-0.0924727	
0.43	-0.0129426	-0.0183655	-0.0985832	
0.44	-0.0117101	-0.0167088	-0.104612	
0.45	-0.0106012	-0.0152855	-0.110678	
0.46	-0.00954748	-0.0139436	-0.116661	
0.47	-0.00842124	-0.0125016	-0.122587	
0.48	-0.00726839	-0.0110322	-0.12847	
0.49	-0.00647586	-0.010028	-0.134317	
0.5	-0.00576824	-0.0091438	-0.140031	
0.51	-0.0052318	-0.00845969	-0.145662	
0.52	-0.00490941	-0.0080344	-0.151179	
0.53	-0.00479691	-0.00787342	-0.156598	
0.54	-0.0049563	-0.00805136	-0.161909	
0.55	-0.00544138	-0.00863215	-0.167107	
0.56	-0.00629607	-0.00965367	-0.172187	
0.57	-0.0075681	-0.0111667	-0.177143	
0.58	-0.00929468	-0.0132144	-0.181969	
0.59	-0.0115754	-0.0158959	-0.186666	
0.6	-0.0144568	-0.0192562	-0.19123	
0.61	-0.0179972	-0.023338	-0.195657	
0.62	-0.022219	-0.0281632	-0.199959	
0.63	-0.0271544	-0.0337509	-0.204136	
0.64	-0.0328451	-0.0401371	-0.208204	
0.65	-0.0393374	-0.0473589	-0.212172	
0.66	-0.0466784	-0.0554542	-0.216051	
0.67	-0.0552576	-0.0640727	-0.219859	
0.68	-0.0672543	-0.071211	-0.22361	
0.69	-0.0826354	-0.0767168	-0.227362	
0.7	-0.0847933	-0.0722566	-0.229827	
0.71	-0.0851959	-0.0624298	-0.231163	
0.72	-0.0785553	-0.0589465	-0.233098	
0.73	-0.0715233	-0.0627532	-0.237599	
0.74	-0.0687416	-0.0651205	-0.242244	
0.75	-0.0690931	-0.0667171	-0.246885	
0.76	-0.0715503	-0.0694423	-0.251266	
0.77	-0.0754808	-0.0734995	-0.254599	
0.78	-0.0756079	-0.07531	-0.255661	
0.79	-0.0729529	-0.0728407	-0.255241	
0.8	-0.0701583	-0.071754	-0.25508	
0.81	-0.0685676	-0.0687222	-0.254252	
0.82	-0.066456	-0.0659191	-0.254442	
0.83	-0.0643976	-0.0635441	-0.254392	
0.84	-0.0624054	-0.0614592	-0.254066	
0.85	-0.0604944	-0.0595928	-0.253424	
0.86	-0.058695	-0.0579605	-0.252454	
0.87	-0.0569798	-0.0564491	-0.251369	
0.88	-0.0551541	-0.0549158	-0.249977	
0.89	-0.0530055	-0.0530006	-0.248285	
0.9	-0.0495542	-0.0516028	-0.246509	
0.91	-0.0459506	-0.0502629	-0.244675	
0.92	-0.0400876	-0.0499161	-0.242682	
0.93	-0.0353247	-0.0489304	-0.23998	
0.94	-0.0289319	-0.04861	-0.237116	
0.95	-0.0193279	-0.0496108	-0.234073	
0.96	-0.00653293	-0.0518169	-0.230634	
0.97	0.00345455	-0.0523532	-0.225424	
0.98	0.00678766	-0.0525816	-0.222212	
0.99	0.00527273	-0.0521625	-0.222829	
1	0.00192471	-0.0498531	-0.22234	
1.01	-0.00195896	-0.049293	-0.220098	
1.02	-0.00170728	-0.049761	-0.216821	
1.03	-0.00085347	-0.0501793	-0.214414	
1.04	-0.00147242	-0.0504016	-0.213824	
1.05	-0.00914275	-0.0483049	-0.208626	
1.06	-0.0140824	-0.0471594	-0.202785	
1.07	-0.0164112	-0.0463668	-0.197535	
1.08	-0.0188594	-0.045838	-0.192711	
1.09	-0.0193252	-0.0459063	-0.187791	
1.1	-0.0187443	-0.0462899	-0.182818	
1.11	-0.0175297	-0.0468759	-0.177821	
1.12	-0.015925	-0.0476305	-0.172804	
1.13	-0.0140753	-0.0485257	-0.167799	
1.14	-0.0143444	-0.0494471	-0.163477	
1.15	-0.0150591	-0.0503213	-0.158946	
1.16	-0.0157647	-0.0512335	-0.154225	
1.17	-0.0164089	-0.0521764	-0.149343	
1.18	-0.0170251	-0.0530642	-0.144312	
1.19	-0.017647	-0.0537753	-0.139202	
1.2	-0.0182081	-0.0544078	-0.133985	
1.21	-0.0187371	-0.0547927	-0.128622	
1.22	-0.0191897	-0.0547627	-0.123148	
1.23	-0.0197303	-0.0545439	-0.117524	
1.24	-0.0203759	-0.0540933	-0.111759	
1.25	-0.021142	-0.0533822	-0.105869	
1.26	-0.0220392	-0.0524199	-0.0998407	
1.27	-0.023051	-0.0512265	-0.0937095	
1.28	-0.0242291	-0.0497431	-0.0874529	
1.29	-0.0255506	-0.0480183	-0.081066	
1.3	-0.0270058	-0.0460808	-0.0745703	
1.31	-0.0286018	-0.043942	-0.0679569	
1.32	-0.030157	-0.041945	-0.0612166	
1.33	-0.0318061	-0.0398357	-0.0544064	
1.34	-0.0336016	-0.0375296	-0.0475081	
1.35	-0.0355841	-0.0349556	-0.0405411	
1.36	-0.0377856	-0.0320714	-0.0335104	
1.37	-0.0402218	-0.0288807	-0.0264064	
1.38	-0.0428909	-0.0254057	-0.0192423	
1.39	-0.0457996	-0.0216543	-0.0120095	
1.4	-0.0477929	-0.0196996	-0.00422484	
1.41	-0.05013	-0.017074	0.00304912	
1.42	-0.0530183	-0.0135818	0.0102316	
1.43	-0.0557769	-0.0104857	0.0178413	
1.44	-0.0572795	-0.00979804	0.0258717	
1.45	-0.0579112	-0.0103411	0.0338444	
1.46	-0.058518	-0.0106412	0.0410367	
1.47	-0.0591931	-0.0107231	0.048048	
1.48	-0.0598753	-0.0107104	0.0549237	
1.49	-0.0596022	-0.0122939	0.0624717	
1.5	-0.0580968	-0.0151893	0.0695628	
1.51	-0.0563097	-0.0181175	0.0761434	
1.52	-0.0545445	-0.0207009	0.0820715	
1.53	-0.0527775	-0.0230888	0.0874969	
1.54	-0.0509172	-0.0255164	0.0927868	
1.55	-0.0489077	-0.0280671	0.0979668	
1.56	-0.0466827	-0.0308367	0.103046	
1.57	-0.0442098	-0.0338518	0.107981	
1.58	-0.0414308	-0.0371868	0.112783	
1.59	-0.0382885	-0.0409074	0.117444	
1.6	-0.0347242	-0.0450766	0.121962	
1.61	-0.0306857	-0.0497494	0.126333	
1.62	-0.0262184	-0.0550478	0.130523	
1.63	-0.021143	-0.0608992	0.134567	
1.64	-0.0154824	-0.0674417	0.138449	
1.65	-0.00910398	-0.0747012	0.142216	
1.66	-0.00195145	-0.0826805	0.145876	
1.67	0.00599373	-0.0914288	0.149441	
1.68	0.014837	-0.100977	0.15293	
1.69	0.0128458	-0.104145	0.15387	
1.7	0.00917759	-0.103637	0.153959	
1.71	0.00607425	-0.101826	0.153485	
1.72	0.00479351	-0.0984032	0.152673	
1.73	0.00563375	-0.0933268	0.15194	
1.74	0.00418965	-0.0848856	0.150769	
1.75	0.00337071	-0.0766168	0.150253	
1.76	0.000799322	-0.0703312	0.149408	
1.77	-0.00256994	-0.0678616	0.14878	
1.78	-0.00472762	-0.0662033	0.148767	
1.79	-0.00575719	-0.065494	0.149385	
1.8	-0.00551321	-0.0660042	0.150086	
1.81	-0.00383933	-0.067906	0.150534	
1.82	-0.00311056	-0.068966	0.150767	
1.83	-0.00371556	-0.068283	0.150743	
1.84	-0.00424561	-0.067712	0.150471	
1.85	-0.00476167	-0.0670869	0.149936	
1.86	-0.00528392	-0.0664607	0.149159	
1.87	-0.00580357	-0.0658604	0.148177	
1.88	-0.00633356	-0.0652523	0.146981	
1.89	-0.00685009	-0.0646894	0.145569	
1.9	-0.00737744	-0.0641045	0.143947	
1.91	-0.00791563	-0.0635089	0.14211	
1.92	-0.00829405	-0.063106	0.14004	
1.93	-0.00891609	-0.0624062	0.137731	
1.94	-0.00945815	-0.0617091	0.135107	
1.95	-0.0099881	-0.0609903	0.132095	
1.96	-0.0105181	-0.0602229	0.12866	
1.97	-0.0110365	-0.0594096	0.124892	
1.98	-0.0108592	-0.0592891	0.121023	
1.99	-0.0115836	-0.0584773	0.11733	
2	-0.0122597	-0.0577272	0.113962	
2.01	-0.0129161	-0.0570801	0.110682	
2.02	-0.0136103	-0.056593	0.107473	
2.03	-0.014402	-0.056256	0.104338	
2.04	-0.0153133	-0.0560074	0.101245	
2.05	-0.016397	-0.0558327	0.098151	
2.06	-0.0176679	-0.0557265	0.095041	
2.07	-0.0190552	-0.0557267	0.0921131	
2.08	-0.0206932	-0.0558618	0.0889746	
2.09	-0.0225281	-0.0559438	0.0856111	
2.1	-0.0245792	-0.056099	0.0821874	
2.11	-0.0268138	-0.0563481	0.0787615	
2.12	-0.0292415	-0.0566824	0.0753571	
2.13	-0.0317807	-0.0570685	0.072011	
2.14	-0.033584	-0.0583555	0.068517	
2.15	-0.0359648	-0.0588022	0.0654305	
2.16	-0.0363326	-0.0584783	0.060655	
2.17	-0.0365919	-0.0581125	0.0555041	
2.18	-0.0367804	-0.0579345	0.0501098	
2.19	-0.0369894	-0.0578967	0.0445471	
2.2	-0.0372533	-0.057892	0.0388742	
2.21	-0.0375424	-0.0578829	0.0330846	
2.22	-0.037831	-0.0578296	0.0271701	
2.23	-0.0371098	-0.0561766	0.0219797	
2.24	-0.0371869	-0.0557186	0.0160671	
2.25	-0.037935	-0.0563733	0.00951175	
2.26	-0.0381983	-0.056769	0.00431508	
2.27	-0.0372728	-0.0564236	0.00318227	
2.28	-0.0350127	-0.054166	0.00188152	
2.29	-0.0326959	-0.0522465	-5.456e-06	
2.3	-0.0327494	-0.054656	-0.00121289	
2.31	-0.0325688	-0.0560956	-0.00200579	
2.32	-0.0332091	-0.0574223	-0.000907061	
2.33	-0.0338131	-0.0579874	0.000516691	
2.34	-0.0338067	-0.0576628	0.00323207	
2.35	-0.034199	-0.0571677	0.00648141	
2.36	-0.0348693	-0.0572276	0.010543	
2.37	-0.0358978	-0.0570115	0.0152877	
2.38	-0.0370344	-0.0558937	0.0205636	
2.39	-0.0384206	-0.0542523	0.0271802	
2.4	-0.0394474	-0.0537302	0.0326972	
2.41	-0.0402962	-0.0521332	0.0394456	
2.42	-0.0396836	-0.0485268	0.0459472	
2.43	-0.0363462	-0.0426528	0.0503148	
2.44	-0.0313264	-0.0347155	0.0525428	
2.45	-0.0253966	-0.0258471	0.0537051	
2.46	-0.0189636	-0.0210706	0.0534915	
2.47	-0.013809	-0.0174733	0.0545212	
2.48	-0.0137121	-0.00770865	0.0587618	
2.49	-0.00990913	0.00185749	0.0614079	
2.5	-0.00466549	0.0115917	0.0624701	
2.51	0.000193224	0.0216262	0.0627888	
2.52	0.00419995	0.0319543	0.0625109	
2.53	0.00986344	0.0417115	0.0613732	
2.54	0.0159797	0.0514495	0.0595296	
2.55	0.0224841	0.0611908	0.0570013	
2.56	0.02936	0.0707585	0.0536246	
2.57	0.0366023	0.0800805	0.0493752	
2.58	0.0441302	0.0890825	0.044336	
2.59	0.043399	0.0899022	0.0355126	
2.6	0.04193	0.0862476	0.0238353	
2.61	0.0412614	0.0793285	0.0107461	
2.62	0.0388812	0.0729661	-0.00136157	
2.63	0.0357821	0.0671826	-0.0117314	
2.64	0.0326614	0.0615935	-0.0204661	
2.65	0.0293828	0.0561627	-0.0276508	
2.66	0.0258162	0.0507953	-0.0333664	
2.67	0.0218467	0.0453614	-0.0377613	
2.68	0.017287	0.0395007	-0.0416318	
2.69	0.0121476	0.0330716	-0.0452629	
2.7	0.00615929	0.0261954	-0.0486729	
2.71	-0.000298604	0.0186645	-0.0518572	
2.72	-0.00741353	0.0105	-0.054816	
2.73	-0.0152392	0.00166151	-0.0575521	
2.74	-0.0238105	-0.00790153	-0.0600769	
2.75	-0.0219876	-0.00895317	-0.0627773	
2.76	-0.0201867	-0.0066453	-0.0653978	
2.77	-0.0190564	-0.00381097	-0.067568	
2.78	-0.018392	-0.00314648	-0.0688963	
2.79	-0.0180333	-0.0028539	-0.0699272	
2.8	-0.0177574	-0.00258423	-0.0706691	
2.81	-0.0174876	-0.00224144	-0.07111	
2.82	-0.0171974	-0.0018041	-0.0712504	
2.83	-0.0168923	-0.00131239	-0.0710886	
2.84	-0.0165741	-0.000772298	-0.0706241	
2.85	-0.0163141	-0.000257154	-0.0698627	
2.86	-0.0160351	0.000307379	-0.0687896	
2.87	-0.015735	0.000939797	-0.0674082	
2.88	-0.0154165	0.00163513	-0.0657185	
2.89	-0.014561	0.00226036	-0.063664	
2.9	-0.00996299	0.00200812	-0.0613519	
2.91	-0.00382619	0.00171374	-0.0588008	
2.92	0.00128381	0.00185455	-0.0555479	
2.93	0.00300931	0.00296932	-0.052513	
2.94	-0.00130078	0.00522765	-0.0499365	
2.95	-0.00495204	0.00707458	-0.0470341	
2.96	-0.00676662	0.00843388	-0.0437733	
2.97	-0.0076527	0.00952119	-0.040303	
2.98	-0.00811477	0.0104395	-0.0367617	
2.99	-0.00835561	0.0112274	-0.033243	
3	-0.00702127	0.011593	-0.0296623	
3.01	-0.0038154	0.0115551	-0.0260236	
3.02	-0.00524349	0.0123449	-0.0229311	
3.03	-0.00586278	0.0126857	-0.0198176	
3.04	-0.00567647	0.0127051	-0.0167342	
3.05	-0.00498585	0.0125288	-0.0136243	
3.06	-0.00392934	0.0122587	-0.0104375	
3.07	-0.0025779	0.0119192	-0.00719004	
3.08	-0.000977288	0.0115035	-0.00390449	
3.09	0.000844423	0.0110125	-0.000605515	
3.1	0.00286714	0.0104478	0.00267696	
3.11	0.0050728	0.00980405	0.00591697	
3.12	0.00506741	0.00945605	0.00931884	
3.13	0.00496248	0.00934428	0.0133561	
3.14	0.00394581	0.0110668	0.0172938	
3.15	0.00434038	0.0104301	0.0224468	
3.16	0.0046152	0.00991354	0.0279239	
3.17	0.00480312	0.009699	0.0337093	
3.18	0.00470427	0.00962958	0.0396306	
3.19	0.00465002	0.00960838	0.0456485	
3.2	0.00465687	0.00952015	0.0517756	
3.21	0.00475494	0.00945221	0.0580035	
3.22	0.00483273	0.00945583	0.0643578	
3.23	0.00457499	0.00914504	0.0708811	
3.24	0.00457671	0.00948031	0.0774048	
3.25	0.00442599	0.00991437	0.0841075	
3.26	0.00415123	0.0104602	0.0909299	
3.27	0.0037763	0.0111321	0.0978289	
3.28	0.00330036	0.0119194	0.104763	
3.29	0.00273692	0.0127932	0.111689	
3.3	0.00209941	0.0137084	0.118516	
3.31	0.00139758	0.014637	0.125252	
3.32	0.000658238	0.0155657	0.13192	
3.33	-9.92075e-05	0.0164638	0.138497	
3.34	-0.000874219	0.0173273	0.145001	
3.35	-0.00178273	0.0183337	0.151373	
3.36	-0.00291809	0.0196599	0.157632	
3.37	-0.00415981	0.021116	0.163906	
3.38	-0.00549547	0.0226882	0.170217	
3.39	-0.00691925	0.0243495	0.176536	
3.4	-0.00840846	0.0260699	0.182881	
3.41	-0.0097831	0.0275611	0.189214	
3.42	-0.0115643	0.0296207	0.195521	
3.43	-0.0137781	0.0322884	0.20188	
3.44	-0.016405	0.0354982	0.208225	
3.45	-0.0189266	0.0384229	0.214393	
3.46	-0.0212869	0.0410859	0.22064	
3.47	-0.0239463	0.0440584	0.226843	
3.48	-0.0268061	0.0472412	0.233005	
3.49	-0.029827	0.0505677	0.239108	
3.5	-0.0322277	0.0530453	0.245295	
3.51	-0.0347803	0.0555824	0.251233	
3.52	-0.0373319	0.0580636	0.25709	
3.53	-0.0398278	0.0604254	0.262847	
3.54	-0.042221	0.0626083	0.26849	
3.55	-0.0444633	0.0645578	0.27401	
3.56	-0.0465068	0.0662236	0.279397	
3.57	-0.0483027	0.0675566	0.284641	
3.58	-0.0498015	0.0685077	0.289728	
3.59	-0.0509572	0.0690344	0.294651	
3.6	-0.0517135	0.0690856	0.299402	
3.61	-0.0520218	0.0686173	0.30397	
3.62	-0.0532699	0.0670757	0.3082	
3.63	-0.0573956	0.0634651	0.312503	
3.64	-0.0615199	0.0593394	0.316073	
3.65	-0.0557794	0.0582626	0.318685	
3.66	-0.050567	0.055659	0.321686	
3.67	-0.045882	0.0516226	0.324792	
3.68	-0.0410975	0.0465217	0.327863	
3.69	-0.0357137	0.0405032	0.330717	
3.7	-0.0295891	0.0334961	0.333401	
3.71	-0.0226525	0.0255629	0.33592	
3.72	-0.0146061	0.0167348	0.338268	
3.73	-0.00566693	0.00689527	0.340485	
3.74	0.00426297	-0.00399684	0.342588	
3.75	0.0151564	-0.0160111	0.344631	
3.76	0.0238931	-0.0269587	0.346986	
3.77	0.0210188	-0.0292139	0.348468	
3.78	0.0190597	-0.0283659	0.349592	
3.79	0.0179173	-0.0248747	0.35036	
3.8	0.0168356	-0.0188134	0.350147	
3.81	0.0143823	-0.0139549	0.350014	
3.82	0.0121228	-0.0121861	0.350465	
3.83	0.0110446	-0.0114497	0.350606	
3.84	0.00951104	-0.0100317	0.35037	
3.85	0.00799188	-0.00849769	0.350045	
3.86	0.00658232	-0.00703701	0.349494	
3.87	0.00527547	-0.00565933	0.348717	
3.88	0.00405927	-0.00436437	0.347721	
3.89	0.00280826	-0.0030571	0.346389	
3.9	0.00148567	-0.00163267	0.344953	
3.91	0.000222078	-0.000272809	0.343369	
3.92	-0.000925141	0.000989489	0.341555	
3.93	-0.00195984	0.00215987	0.33952	
3.94	-0.00288583	0.00324139	0.337273	
3.95	-0.00263355	0.00315615	0.334822	
3.96	-0.00199231	0.00234873	0.332096	
3.97	-0.00358635	0.00414488	0.329035	
3.98	-0.00464019	0.00555844	0.325963	
3.99	-0.00529253	0.00649997	0.322698	
4	-0.00574882	0.00716489	0.319288	
4.01	-0.00766611	0.00725523	0.316059	
4.02	-0.0134567	0.00643496	0.312277	
4.03	-0.0231119	0.00487131	0.308207	
4.04	-0.0315446	0.00369649	0.303089	
4.05	-0.0255221	0.00525075	0.297249	
4.06	-0.0205471	0.00632595	0.291914	
4.07	-0.0186356	0.00684937	0.286489	
4.08	-0.018317	0.00709747	0.281277	
4.09	-0.0189075	0.00713734	0.276415	
4.1	-0.0199564	0.007109	0.271954	
4.11	-0.021226	0.00702789	0.268073	
4.12	-0.0226835	0.00692503	0.264422	
4.13	-0.0242803	0.00675314	0.260794	
4.14	-0.0259787	0.00652522	0.257235	
4.15	-0.0276822	0.00666639	0.254012	
4.16	-0.0295156	0.00657077	0.250977	
4.17	-0.0293686	0.00659847	0.246197	
4.18	-0.0288107	0.00672841	0.24115	
4.19	-0.0281576	0.00703055	0.236066	
4.2	-0.0275111	0.00757733	0.230887	
4.21	-0.0267972	0.00826711	0.22555	
4.22	-0.0260038	0.00913268	0.220074	
4.23	-0.0251283	0.0101801	0.21446	
4.24	-0.024165	0.0114507	0.2087	
4.25	-0.0231539	0.0129987	0.202803	
4.26	-0.022082	0.0148417	0.196753	
4.27	-0.020895	0.0169595	0.190565	
4.28	-0.0196133	0.0193334	0.184255	
4.29	-0.0182228	0.021938	0.177804	
4.3	-0.0166744	0.0247833	0.17124	
4.31	-0.01504	0.0275543	0.164595	
4.32	-0.013144	0.0304671	0.157893	
4.33	-0.0111922	0.0335343	0.151064	
4.34	-0.00916146	0.0367354	0.144118	
4.35	-0.00701322	0.0401046	0.137066	
4.36	-0.00469052	0.0436794	0.129911	
4.37	-0.00211645	0.0475539	0.122686	
4.38	0.000259751	0.0509205	0.115391	
4.39	0.0028511	0.0544847	0.108047	
4.4	0.00564271	0.0583191	0.100652	
4.41	0.00824475	0.0617147	0.0932171	
4.42	0.0105082	0.0644035	0.0859017	
4.43	0.0126766	0.0668785	0.0787192	
4.44	0.0148441	0.0693552	0.0717214	
4.45	0.0169131	0.0716725	0.06491	
4.46	0.0187114	0.0735774	0.0581995	
4.47	0.0203922	0.0753323	0.0517175	
4.48	0.0219493	0.0769602	0.0454537	
4.49	0.0228257	0.077614	0.0392456	
4.5	0.0237595	0.0783423	0.0332533	
4.51	0.0246781	0.0790933	0.0274821	
4.52	0.0255448	0.0798095	0.0218527	
4.53	0.0263256	0.0804313	0.0163461	
4.54	0.0269513	0.0808017	0.0107511	
4.55	0.0273687	0.0809623	0.00541479	
4.56	0.0275883	0.0809124	0.00032701	
4.57	0.0275994	0.0806192	-0.00461634	
4.58	0.027258	0.0799067	-0.00944149	
4.59	0.0265355	0.0787574	-0.0141101	
4.6	0.0254385	0.0772053	-0.0185586	
4.61	0.0238698	0.07513	-0.0228489	
4.62	0.0217953	0.0725069	-0.0269602	
4.63	0.0191927	0.0693267	-0.0308721	
4.64	0.0159804	0.0654948	-0.0346236	
4.65	0.0121162	0.0609856	-0.0382082	
4.66	0.00751285	0.0556829	-0.0417265	
4.67	0.00219841	0.049677	-0.044991	
4.68	-0.00392524	0.0428293	-0.0481976	
4.69	-0.0119766	0.0358989	-0.0512358	
4.7	-0.0193699	0.0269295	-0.0543044	
4.71	-0.0279314	0.0171949	-0.0571806	
4.72	-0.0375582	0.00662369	-0.0599134	
4.73	-0.0482241	-0.00487357	-0.062558	
4.74	-0.0599441	-0.0173705	-0.0651756	
4.75	-0.0691499	-0.0291321	-0.0670486	
4.76	-0.0652616	-0.0314349	-0.0657867	
4.77	-0.0583971	-0.0282064	-0.0638421	
4.78	-0.0534065	-0.0263977	-0.0640691	
4.79	-0.0499923	-0.0234452	-0.0633759	
4.8	-0.047279	-0.0193751	-0.0616724	
4.81	-0.0420377	-0.0156951	-0.0594061	
4.82	-0.0338091	-0.0130649	-0.0567162	
4.83	-0.022435	-0.011454	-0.0535927	
4.84	-0.0114088	-0.0106148	-0.0515246	
4.85	-0.00178362	-0.0114504	-0.0501174	
4.86	0.00415609	-0.0111404	-0.0494448	
4.87	0.0116773	-0.0114212	-0.0481085	
4.88	0.0153778	-0.0102661	-0.0472902	
4.89	0.0231437	-0.0106472	-0.0461376	
4.9	0.0249358	-0.00918681	-0.0448757	
4.91	0.029923	-0.00882828	-0.0431603	
4.92	0.0281151	-0.00844687	-0.0425975	
4.93	0.0235028	-0.00740004	-0.0421914	
4.94	0.0134705	-0.00570643	-0.0416224	
4.95	-0.000357545	-0.00489845	-0.0416266	
4.96	-0.01145	-0.00586122	-0.0412315	
4.97	-0.0134878	-0.0058161	-0.0388059	
4.98	-0.0129188	-0.00284642	-0.0352568	
4.99	-0.0148974	-0.000391353	-0.0320197	
5	-0.0153545	0.000417027	-0.0288072	
5.01	-0.0154218	0.00120196	-0.0253936	
5.02	-0.0157868	0.00132343	-0.0220526	
5.03	-0.0154617	0.00187669	-0.0186528	
5.04	-0.0146971	0.00232023	-0.0152831	
5.05	-0.0154049	0.00152394	-0.0118901	
5.06	-0.0136661	0.00199953	-0.00831398	
5.07	-0.0126611	0.0020058	-0.00431783	
5.08	-0.0110463	-0.000383428	0.000329512	
5.09	-0.00728898	-0.00483809	0.00535272	
5.1	-0.0141524	-0.0126906	0.00833057	
5.11	-0.0241421	-0.0231856	0.0109237	
5.12	-0.0236946	-0.0286711	0.014559	
5.13	-0.0140286	-0.0254226	0.0210718	
5.14	-0.010111	-0.0216938	0.0277145	
5.15	-0.010257	-0.0177285	0.0344359	
5.16	-0.0119645	-0.0143642	0.040668	
5.17	-0.0127658	-0.0131519	0.0470892	
5.18	-0.01294	-0.0141793	0.0535469	
5.19	-0.0131622	-0.0152239	0.0595471	
5.2	-0.0134467	-0.016156	0.0654681	
5.21	-0.0137672	-0.0169589	0.0714104	
5.22	-0.0141575	-0.0176641	0.0775258	
5.23	-0.0146184	-0.0183063	0.0838412	
5.24	-0.0151783	-0.0187435	0.0902959	
5.25	-0.0158824	-0.0188551	0.0968176	
5.26	-0.0166478	-0.0186794	0.103651	
5.27	-0.0178206	-0.0184044	0.110465	
5.28	-0.0197568	-0.0198235	0.1181	
5.29	-0.0205909	-0.0180191	0.124936	
5.3	-0.0218399	-0.016054	0.131797	
5.31	-0.0232916	-0.0142564	0.138808	
5.32	-0.0249191	-0.0124711	0.145946	
5.33	-0.0267065	-0.010615	0.15319	
5.34	-0.0286558	-0.00861408	0.160535	
5.35	-0.0308311	-0.00634279	0.167972	
5.36	-0.033252	-0.00379858	0.17552	
5.37	-0.0359552	-0.000878243	0.18316	
5.38	-0.0389441	0.00239124	0.190889	
5.39	-0.0422239	0.00600083	0.198713	
5.4	-0.0454585	0.00936562	0.206818	
5.41	-0.0486198	0.012443	0.214861	
5.42	-0.0520252	0.015832	0.222824	
5.43	-0.0556622	0.019463	0.23083	
5.44	-0.0594961	0.0232475	0.238901	
5.45	-0.0632866	0.0267926	0.247193	
5.46	-0.066341	0.0293242	0.255634	
5.47	-0.0694936	0.0320893	0.2637	
5.48	-0.0727307	0.0347887	0.271623	
5.49	-0.0757351	0.0370294	0.279678	
5.5	-0.0782281	0.0391001	0.287665	
5.51	-0.0804062	0.0405538	0.295578	
5.52	-0.0825372	0.04186	0.303294	
5.53	-0.0848404	0.0434097	0.310768	
5.54	-0.0872569	0.045154	0.317961	
5.55	-0.0897415	0.0470003	0.324887	
5.56	-0.0922021	0.0489035	0.33154	
5.57	-0.0946345	0.0509798	0.337664	
5.58	-0.0970554	0.0532524	0.343243	
5.59	-0.0992779	0.055246	0.348699	
5.6	-0.101272	0.0570154	0.353832	
5.61	-0.102987	0.0584398	0.358775	
5.62	-0.104372	0.0594662	0.36352	
5.63	-0.105384	0.0600525	0.368055	
5.64	-0.105999	0.0602093	0.372312	
5.65	-0.106205	0.0599211	0.376344	
5.66	-0.105979	0.0591644	0.380144	
5.67	-0.105193	0.0578169	0.383678	
5.68	-0.103794	0.0558164	0.386942	
5.69	-0.101773	0.0531669	0.389933	
5.7	-0.0990544	0.0497227	0.392769	
5.71	-0.0956679	0.04566	0.395217	
5.72	-0.0915953	0.0408999	0.397394	
5.73	-0.0866564	0.0351379	0.399542	
5.74	-0.0808658	0.0284734	0.401403	
5.75	-0.0742591	0.0210866	0.402797	
5.76	-0.0667669	0.0128433	0.403879	
5.77	-0.0583481	0.00367809	0.404695	
5.78	-0.0489538	-0.00643826	0.405219	
5.79	-0.038532	-0.0175457	0.405448	
5.8	-0.027041	-0.029696	0.405412	
5.81	-0.0144385	-0.042936	0.405142	
5.82	-0.0084779	-0.0520106	0.404883	
5.83	-0.0107667	-0.0532261	0.403264	
5.84	-0.0122797	-0.0517781	0.401055	
5.85	-0.0132915	-0.0488373	0.398733	
5.86	-0.013705	-0.0439533	0.396279	
5.87	-0.0136157	-0.037436	0.393753	
5.88	-0.0144858	-0.0325267	0.390799	
5.89	-0.0148574	-0.0303938	0.387174	
5.9	-0.0150196	-0.0283027	0.382966	
5.91	-0.0151535	-0.0263133	0.378617	
5.92	-0.0153024	-0.0245541	0.374333	
5.93	-0.0154165	-0.0229695	0.370098	
5.94	-0.0155614	-0.0214515	0.36586	
5.95	-0.0157289	-0.0200618	0.36166	
5.96	-0.0159122	-0.0187992	0.357493	
5.97	-0.0161108	-0.01765	0.353351	
5.98	-0.016323	-0.0166065	0.349229	
5.99	-0.0165463	-0.0156616	0.345123	
6	-0.0168289	-0.0148137	0.341081	
6.01	-0.0172105	-0.0141632	0.337487	
6.02	-0.0169659	-0.0117308	0.334078	
6.03	-0.0162776	-0.00727508	0.330824	
6.04	-0.0152487	-0.00103227	0.327726	
6.05	-0.0165249	-0.00180179	0.32176	
6.06	-0.0178321	-0.00448026	0.315162	
6.07	-0.0190168	-0.00584915	0.309354	
6.08	-0.0202706	-0.00634269	0.304201	
6.09	-0.0216544	-0.0065438	0.299477	
6.1	-0.0231761	-0.00679529	0.294972	
6.11	-0.0244957	-0.00729202	0.290454	
6.12	-0.024714	-0.0073468	0.286043	
6.13	-0.0245619	-0.00744474	0.28157	
6.14	-0.024329	-0.00764208	0.276899	
6.15	-0.0241121	-0.0078112	0.271959	
6.16	-0.0239062	-0.0079531	0.266753	
6.17	-0.0237142	-0.00807804	0.261286	
6.18	-0.0235295	-0.00818619	0.255557	
6.19	-0.0233638	-0.00828772	0.249591	
6.2	-0.0231838	-0.00832895	0.243361	
6.21	-0.0229521	-0.00822814	0.236861	
6.22	-0.0226682	-0.00801262	0.230171	
6.23	-0.0223708	-0.00777535	0.223418	
6.24	-0.0220539	-0.00751108	0.21662	
6.25	-0.0217132	-0.00721394	0.209783	
6.26	-0.0213482	-0.00686744	0.202882	
6.27	-0.0209561	-0.00645596	0.195922	
6.28	-0.020542	-0.00597843	0.188895	
6.29	-0.0201046	-0.0054408	0.181788	
6.3	-0.0195705	-0.00470514	0.174685	
6.31	-0.0188469	-0.00377374	0.167677	
6.32	-0.0183504	-0.00312736	0.160444	
6.33	-0.0178626	-0.00251773	0.153291	
6.34	-0.017528	-0.00190738	0.146298	
6.35	-0.017109	-0.0014753	0.139295	
6.36	-0.0167965	-0.00122032	0.132227	
6.37	-0.0165113	-0.000944994	0.125105	
6.38	-0.0162415	-0.000610537	0.117912	
6.39	-0.0159979	-0.000253492	0.110658	
6.4	-0.0156269	0.000418401	0.103385	
6.41	-0.0147604	0.00208806	0.0960704	
6.42	-0.0135442	0.00438605	0.088708	
6.43	-0.0120696	0.00705489	0.0813291	
6.44	-0.0103818	0.0099988	0.0739433	
6.45	-0.00851623	0.0131419	0.0665537	
6.46	-0.00644492	0.0165167	0.0591703	
6.47	-0.0043159	0.0199017	0.0517986	
6.48	-0.00214978	0.0232701	0.0444582	
6.49	3.18565e-06	0.0265555	0.0371588	
6.5	0.00210364	0.0297061	0.0299143	
6.51	0.00414198	0.0327172	0.0227345	
6.52	0.00600846	0.0354451	0.0156344	
6.53	0.00766308	0.0378506	0.0086306	
6.54	0.0090563	0.0398835	0.00173624	
6.55	0.0101756	0.0415396	-0.00503326	
6.56	0.0109859	0.0427869	-0.0116752	
6.57	0.011383	0.0435092	-0.018167	
6.58	0.011339	0.0436904	-0.0244971	
6.59	0.0107149	0.0431544	-0.0306649	
6.6	0.00955746	0.0420215	-0.0366364	
6.61	0.00787705	0.0401874	-0.0424173	
6.62	0.00567402	0.0376339	-0.0480056	
6.63	0.00277847	0.0344108	-0.0533782	
6.64	-0.000901534	0.030378	-0.0585331	
6.65	-0.00543601	0.025597	-0.0634441	
6.66	-0.0107053	0.0199731	-0.068168	
6.67	-0.0167527	0.0135099	-0.0727172	
6.68	-0.023631	0.00618456	-0.0770883	
6.69	-0.0313871	-0.00202868	-0.0812724	
6.7	-0.0400703	-0.0111673	-0.0852882	
6.71	-0.0497267	-0.0212707	-0.0891438	
6.72	-0.0512806	-0.0243699	-0.0932574	
6.73	-0.053762	-0.0240113	-0.0973027	
6.74	-0.0535597	-0.0228206	-0.100468	
6.75	-0.0511549	-0.0228863	-0.102953	
6.76	-0.0524915	-0.0224049	-0.105102	
6.77	-0.0537876	-0.0223118	-0.107094	
6.78	-0.0539144	-0.0217423	-0.108461	
6.79	-0.053738	-0.021031	-0.109677	
6.8	-0.0534514	-0.0204058	-0.110645	
6.81	-0.0531214	-0.0198244	-0.111325	
6.82	-0.0527649	-0.0192534	-0.111782	
6.83	-0.0521676	-0.0184718	-0.112062	
6.84	-0.0507171	-0.0168321	-0.112089	
6.85	-0.0492857	-0.0152551	-0.111929	
6.86	-0.047919	-0.0137879	-0.111571	
6.87	-0.0466165	-0.0124181	-0.11101	
6.88	-0.0453738	-0.0111362	-0.110256	
6.89	-0.0441874	-0.0099318	-0.109303	
6.9	-0.0430625	-0.00880454	-0.108158	
6.91	-0.039184	-0.00837363	-0.106857	
6.92	-0.0313858	-0.00876568	-0.105339	
6.93	-0.0197254	-0.00994832	-0.103619	
6.94	-0.00834913	-0.0108334	-0.10132	
6.95	-0.0102111	-0.00891158	-0.0992278	
6.96	-0.0167873	-0.00657731	-0.0974813	
6.97	-0.0209629	-0.00502889	-0.0951154	
6.98	-0.0233419	-0.00397832	-0.0922081	
6.99	-0.0246999	-0.00322439	-0.0890496	
7	-0.025474	-0.00271531	-0.0856849	
7.01	-0.0258509	-0.0022344	-0.0823766	
7.02	-0.0259834	-0.00174902	-0.0791674	
7.03	-0.0259169	-0.00125006	-0.0760561	
7.04	-0.0256403	-0.000770328	-0.0730141	
7.05	-0.0253019	-4.94896e-05	-0.0699612	
7.06	-0.025497	0.0031033	-0.067039	
7.07	-0.0262676	0.00879526	-0.0641656	
7.08	-0.0235071	0.00741763	-0.0615495	
7.09	-0.022378	0.00461541	-0.0588055	
7.1	-0.0206902	0.00399753	-0.0560903	
7.11	-0.0191332	0.00388578	-0.0532182	
7.12	-0.0175715	0.00389307	-0.0501809	
7.13	-0.0159421	0.00401774	-0.0471725	
7.14	-0.0142565	0.00423867	-0.0442661	
7.15	-0.0125121	0.0045003	-0.0414956	
7.16	-0.0111617	0.00477887	-0.0383583	
7.17	-0.0118993	0.00451386	-0.0333176	
7.18	-0.0125657	0.00419985	-0.0278681	
7.19	-0.0131216	0.00391656	-0.0222062	
7.2	-0.0136529	0.00361551	-0.0164293	
7.21	-0.0141793	0.00332656	-0.0104856	
7.22	-0.0147376	0.00315945	-0.00441073	
7.23	-0.0153571	0.00316534	0.00176943	
7.24	-0.0160652	0.00338908	0.00806539	
7.25	-0.0168751	0.0038442	0.0144752	
7.26	-0.0178037	0.00454224	0.0210098	
7.27	-0.0188552	0.0054824	0.0276602	
7.28	-0.0200396	0.00665633	0.0344375	
7.29	-0.0213584	0.00805496	0.0413516	
7.3	-0.0227907	0.00967136	0.0483886	
7.31	-0.0243159	0.0115028	0.0555461	
7.32	-0.0259219	0.0135453	0.0628272	
7.33	-0.0276312	0.0154639	0.0702486	
7.34	-0.0291346	0.0167289	0.0777829	
7.35	-0.0306868	0.0181486	0.085387	
7.36	-0.0323025	0.0197484	0.0930724	
7.37	-0.0340127	0.0215065	0.100838	
7.38	-0.0358053	0.023397	0.108662	
7.39	-0.0376516	0.0252769	0.116499	
7.4	-0.0399996	0.0283485	0.12367	
7.41	-0.0414157	0.0301352	0.131401	
7.42	-0.0426873	0.0315916	0.138982	
7.43	-0.0438614	0.0328787	0.146401	
7.44	-0.0449054	0.0339784	0.153675	
7.45	-0.0456742	0.0347209	0.160918	
7.46	-0.0457448	0.0345707	0.168453	
7.47	-0.0455803	0.0341313	0.175878	
7.48	-0.0451554	0.0334097	0.183245	
7.49	-0.0448705	0.0330009	0.190564	
7.5	-0.0446244	0.032823	0.198106	
7.51	-0.0443342	0.0327164	0.205756	
7.52	-0.0438871	0.0324503	0.213422	
7.53	-0.0434384	0.0321605	0.221004	
7.54	-0.0428274	0.0317102	0.228517	
7.55	-0.0420146	0.031024	0.235914	
7.56	-0.0409099	0.0300174	0.243173	
7.57	-0.0395172	0.0286767	0.25025	
7.58	-0.0377838	0.0269478	0.257158	
7.59	-0.0356534	0.0247718	0.26389	
7.6	-0.0330698	0.0220923	0.270433	
7.61	-0.0301756	0.0185637	0.276543	
7.62	-0.0266333	0.0143489	0.282272	
7.63	-0.0224353	0.00937552	0.287542	
7.64	-0.0177227	0.00350453	0.2923	
7.65	-0.0123641	-0.00324811	0.296403	
7.66	-0.00603889	-0.0110006	0.300209	
7.67	0.00118497	-0.0194757	0.303848	
7.68	0.000947385	-0.0223563	0.305878	
7.69	0.00150664	-0.0221471	0.307601	
7.7	0.00165824	-0.0198895	0.309452	
7.71	0.00159013	-0.0194794	0.312087	
7.72	0.00122955	-0.0190974	0.314542	
7.73	0.00108222	-0.0188814	0.316791	
7.74	0.00200568	-0.019815	0.31888	
7.75	0.00299511	-0.0209845	0.320718	
7.76	0.00384278	-0.02193	0.322335	
7.77	0.0045971	-0.0227443	0.323745	
7.78	0.00512583	-0.0233245	0.324946	
7.79	0.00592716	-0.0241431	0.32594	
7.8	0.00665793	-0.0249238	0.326706	
7.81	0.00752289	-0.0258147	0.327246	
7.82	0.00967493	-0.0280466	0.327604	
7.83	0.0140957	-0.032453	0.328436	
7.84	0.012926	-0.0321789	0.32807	
7.85	0.0129845	-0.0303028	0.327002	
7.86	0.0130764	-0.0294386	0.326552	
7.87	0.0133631	-0.0287882	0.326464	
7.88	0.0128057	-0.0284417	0.32652	
7.89	0.0121337	-0.0282659	0.326278	
7.9	0.0115518	-0.0280765	0.325801	
7.91	0.0109671	-0.0278395	0.32496	
7.92	0.0103956	-0.0275501	0.323761	
7.93	0.00980295	-0.0272684	0.322217	
7.94	0.0092258	-0.0269861	0.320389	
7.95	0.00871812	-0.0266269	0.318146	
7.96	0.00807907	-0.026193	0.315413	
7.97	0.00757348	-0.0257016	0.312552	
7.98	0.00708577	-0.0253276	0.309523	
7.99	0.00658372	-0.0249171	0.306293	
8	0.00606983	-0.0244724	0.302914	
8.01	0.00567799	-0.0240689	0.299757	
8.02	0.00518354	-0.0235722	0.296493	
8.03	0.00472209	-0.0231367	0.293172	
8.04	0.00431513	-0.0227306	0.289926	
8.05	0.00414497	-0.0221872	0.286667	
8.06	0.00362624	-0.0215801	0.283344	
8.07	0.00115288	-0.0212641	0.280103	
8.08	0.00235329	-0.0205551	0.276775	
8.09	0.00310743	-0.0197447	0.272969	
8.1	0.00350288	-0.0189969	0.268868	
8.11	0.00377866	-0.0182862	0.264727	
8.12	0.00410723	-0.0173399	0.260517	
8.13	0.00428093	-0.0167327	0.256204	
8.14	0.00448977	-0.0160666	0.251804	
8.15	0.00468041	-0.0154665	0.247234	
8.16	0.00490038	-0.0148246	0.242542	
8.17	0.00512833	-0.0141938	0.237728	
8.18	0.00536391	-0.0135808	0.232767	
8.19	0.0055941	-0.0129853	0.227674	
8.2	0.00582971	-0.012373	0.222402	
8.21	0.00610692	-0.0116855	0.217005	
8.22	0.00643924	-0.0108937	0.211447	
8.23	0.00684292	-0.00995976	0.205749	
8.24	0.00742426	-0.00870753	0.199911	
8.25	0.00818744	-0.00707506	0.193958	
8.26	0.00890538	-0.00560186	0.187821	
8.27	0.00978878	-0.00383248	0.181569	
8.28	0.0105006	-0.00238975	0.175212	
8.29	0.0112838	-0.000874671	0.168733	
8.3	0.0123252	0.000805121	0.162145	
8.31	0.0135009	0.00264773	0.155523	
8.32	0.0147619	0.00463183	0.148888	
8.33	0.0161394	0.00700466	0.142125	
8.34	0.0177794	0.00969635	0.135268	
8.35	0.0196255	0.01255	0.128492	
8.36	0.0215525	0.0153916	0.121833	
8.37	0.0232504	0.0177091	0.115309	
8.38	0.0250541	0.0200506	0.108714	
8.39	0.0269957	0.0225879	0.102126	
8.4	0.0292117	0.0254621	0.0954972	
8.41	0.0315372	0.0284414	0.0888368	
8.42	0.03381	0.0312708	0.0822358	
8.43	0.0360598	0.033942	0.0758008	
8.44	0.0383423	0.0365342	0.0696429	
8.45	0.0406298	0.0389563	0.0635766	
8.46	0.0428187	0.0411689	0.0576365	
8.47	0.0447314	0.0429771	0.0517699	
8.48	0.0460603	0.0439414	0.0458857	
8.49	0.0473183	0.0447259	0.0400687	
8.5	0.0487721	0.045732	0.0343682	
8.51	0.0499128	0.0463726	0.0286147	
8.52	0.0505059	0.0463024	0.0230019	
8.53	0.0511424	0.0462073	0.0175417	
8.54	0.051111	0.0454107	0.0118239	
8.55	0.0508433	0.0443862	0.00621367	
8.56	0.0502111	0.0429588	0.00058169	
8.57	0.0491657	0.0411252	-0.00501539	
8.58	0.0477412	0.0388828	-0.0105171	
8.59	0.0458508	0.0361548	-0.0159455	
8.6	0.0422242	0.0336939	-0.0214542	
8.61	0.0351158	0.0327396	-0.0271894	
8.62	0.024509	0.033136	-0.0332163	
8.63	0.0171947	0.0310696	-0.0402763	
8.64	0.0112203	0.026529	-0.0472922	
8.65	0.00727016	0.018063	-0.0533397	
8.66	0.00418162	0.00733021	-0.0588437	
8.67	-0.00146396	-0.00262693	-0.0645904	
8.68	-0.00882336	-0.0127237	-0.0699094	
8.69	-0.0176035	-0.0234642	-0.0747099	
8.7	-0.0276209	-0.0350234	-0.079179	
8.71	-0.0388046	-0.0475133	-0.0834113	
8.72	-0.0510984	-0.0610871	-0.0874877	
8.73	-0.0491584	-0.0666336	-0.0869575	
8.74	-0.0462814	-0.0674136	-0.0885073	
8.75	-0.0430067	-0.0659399	-0.0900472	
8.76	-0.0432912	-0.0633273	-0.0916496	
8.77	-0.0422408	-0.0580849	-0.0930021	
8.78	-0.0389525	-0.0510949	-0.0940753	
8.79	-0.0351038	-0.0473005	-0.0954311	
8.8	-0.0329263	-0.0450375	-0.0967256	
8.81	-0.032349	-0.0442906	-0.0976866	
8.82	-0.0324265	-0.0445174	-0.0982893	
8.83	-0.0310103	-0.0431694	-0.098648	
8.84	-0.0296528	-0.0418586	-0.0986983	
8.85	-0.0283892	-0.0406102	-0.0985439	
8.86	-0.0273872	-0.0395814	-0.0981793	
8.87	-0.0264395	-0.0386564	-0.0976228	
8.88	-0.0255173	-0.0376952	-0.0968634	
8.89	-0.0246388	-0.0367447	-0.0958925	
8.9	-0.0237993	-0.0358075	-0.094728	
8.91	-0.0236211	-0.0354713	-0.0933404	
8.92	-0.0251525	-0.0369564	-0.0917647	
8.93	-0.0283399	-0.0402717	-0.0900235	
8.94	-0.0266283	-0.0398918	-0.088638	
8.95	-0.0234825	-0.0351126	-0.0874295	
8.96	-0.0215097	-0.03163	-0.0853478	
8.97	-0.02015	-0.0299116	-0.0827822	
8.98	-0.0192678	-0.0286916	-0.0800436	
8.99	-0.018595	-0.0277436	-0.0771572	
9	-0.0179365	-0.0269244	-0.0741988	
9.01	-0.0172177	-0.0263015	-0.0711844	
9.02	-0.0164818	-0.0256129	-0.0680769	
9.03	-0.0163747	-0.0249353	-0.0651756	
9.04	-0.0172922	-0.0236095	-0.0628643	
9.05	-0.0191743	-0.0202996	-0.0606287	
9.06	-0.0217707	-0.0154631	-0.0584285	
9.07	-0.0250538	-0.00917339	-0.0562482	
9.08	-0.0289691	-0.00160817	-0.0539702	
9.09	-0.0312441	0.00380597	-0.0514296	
9.1	-0.026282	-0.0047406	-0.0487563	
9.11	-0.0256682	-0.0133816	-0.0458965	
9.12	-0.0239455	-0.0182863	-0.0436532	
9.13	-0.0233316	-0.0206862	-0.0411217	
9.14	-0.0237669	-0.0208913	-0.0383068	
9.15	-0.0252261	-0.0189305	-0.0352126	
9.16	-0.0262068	-0.0175668	-0.0310729	
9.17	-0.026556	-0.017666	-0.0261992	
9.18	-0.0269431	-0.0177041	-0.0211046	
9.19	-0.0273348	-0.0176977	-0.0158227	
9.2	-0.0277203	-0.0176773	-0.010355	
9.21	-0.0281303	-0.0177911	-0.004605	
9.22	-0.0285898	-0.0176124	0.000931415	
9.23	-0.0291207	-0.0172949	0.00647532	
9.24	-0.0297558	-0.016811	0.012019	
9.25	-0.0305156	-0.0161343	0.0174997	
9.26	-0.0312438	-0.0155153	0.0231003	
9.27	-0.0320701	-0.0147632	0.0286812	
9.28	-0.0330189	-0.0138294	0.0342033	
9.29	-0.0340913	-0.0127233	0.0397033	
9.3	-0.0352754	-0.0114371	0.0452534	
9.31	-0.0362256	-0.0105048	0.0511887	
9.32	-0.0372272	-0.00955799	0.057123	
9.33	-0.038285	-0.00857085	0.0630015	
9.34	-0.0394094	-0.00751146	0.0689019	
9.35	-0.0410518	-0.00568844	0.074804	
9.36	-0.043288	-0.00291216	0.0807882	
9.37	-0.0449871	-0.000833771	0.0874236	
9.38	-0.0464788	0.000746583	0.094185	
9.39	-0.0477988	0.00200556	0.100929	
9.4	-0.0492197	0.003326	0.107439	
9.41	-0.0507122	0.00467008	0.113685	
9.42	-0.0522425	0.00600111	0.1198	
9.43	-0.0537777	0.00729806	0.125901	
9.44	-0.0549775	0.00814241	0.132187	
9.45	-0.0557436	0.00831531	0.13856	
9.46	-0.0564453	0.00833768	0.144675	
9.47	-0.0570485	0.00818498	0.150608	
9.48	-0.0578827	0.00830807	0.156384	
9.49	-0.0587897	0.00868282	0.162119	
9.5	-0.0597251	0.00923605	0.167805	
9.51	-0.0608743	0.00976367	0.173415	
9.52	-0.0621082	0.0103555	0.17894	
9.53	-0.063228	0.0108477	0.184381	
9.54	-0.0642623	0.0112543	0.189706	
9.55	-0.0651435	0.0114765	0.194912	
9.56	-0.0658274	0.0114602	0.199989	
9.57	-0.0662677	0.0111535	0.204926	
9.58	-0.0664238	0.0105164	0.209712	
9.59	-0.066338	0.00960885	0.214332	
9.6	-0.0659746	0.00839506	0.218794	
9.61	-0.065131	0.00663436	0.223109	
9.62	-0.0638551	0.00441275	0.227226	
9.63	-0.0620437	0.00160568	0.231154	
9.64	-0.0596049	-0.00185838	0.234903	
9.65	-0.0566257	-0.0058766	0.238454	
9.66	-0.0530782	-0.0104724	0.241812	
9.67	-0.0487964	-0.0158314	0.244999	
9.68	-0.0437812	-0.0219163	0.247974	
9.69	-0.037821	-0.0289751	0.250789	
9.7	-0.0310297	-0.0368435	0.253396	
9.71	-0.0232958	-0.0456366	0.255846	
9.72	-0.0146065	-0.0553782	0.258152	
9.73	-0.00488746	-0.0661337	0.260344	
9.74	0.00594286	-0.0779774	0.262452	
9.75	0.0148914	-0.089591	0.263853	
9.76	0.0112862	-0.0934818	0.261988	
9.77	0.00812679	-0.0938681	0.259709	
9.78	0.00577045	-0.0918864	0.256866	
9.79	0.00434799	-0.0880034	0.253272	
9.8	0.00376709	-0.0824482	0.248806	
9.81	0.00397982	-0.0751192	0.243794	
9.82	0.00109549	-0.0707545	0.240744	
9.83	-0.00134617	-0.0685889	0.239207	
9.84	-0.00241806	-0.0677161	0.238486	
9.85	-0.00349596	-0.0668419	0.237597	
9.86	-0.00465581	-0.0637231	0.236151	
9.87	-0.00641917	-0.0616187	0.234348	
9.88	-0.00808723	-0.0610862	0.232497	
9.89	-0.00943208	-0.0602593	0.230252	
9.9	-0.0106417	-0.059215	0.22763	
9.91	-0.0116841	-0.0581345	0.22463	
9.92	-0.012548	-0.0571264	0.221285	
9.93	-0.0132785	-0.0562038	0.2176	
9.94	-0.0138902	-0.0553684	0.213594	
9.95	-0.014515	-0.0545405	0.2096	
9.96	-0.0149087	-0.0539618	0.205516	
9.97	-0.0155152	-0.0531477	0.201568	
9.98	-0.016045	-0.0524149	0.197645	
9.99	-0.0165168	-0.051753	0.193756	
10	-0.0169833	-0.051157	0.189941	
10.01	-0.0174573	-0.0506987	0.186533	
10.02	-0.0180384	-0.0502219	0.183163	
10.03	-0.0187339	-0.0498047	0.179878	
10.04	-0.0195766	-0.049434	0.176637	
10.05	-0.0205455	-0.0491573	0.173343	
10.06	-0.0221694	-0.049073	0.169948	
10.07	-0.0272704	-0.0497079	0.165969	
10.08	-0.0275161	-0.0493817	0.162708	
10.09	-0.0275646	-0.0492278	0.159252	
10.1	-0.0282161	-0.0483305	0.156182	
10.11	-0.029687	-0.0482794	0.152847	
10.12	-0.0311666	-0.0472043	0.149985	
10.13	-0.0331219	-0.0476706	0.146557	
10.14	-0.0349979	-0.047853	0.143298	
10.15	-0.0369016	-0.0477775	0.140248	
10.16	-0.0388875	-0.0475526	0.137495	
10.17	-0.0409835	-0.0472266	0.135086	
10.18	-0.0431809	-0.0468519	0.133062	
10.19	-0.0454299	-0.0464347	0.131482	
10.2	-0.0477082	-0.0459509	0.130243	
10.21	-0.0498725	-0.0450921	0.129246	
10.22	-0.0518348	-0.0436841	0.128624	
10.23	-0.0535887	-0.0415968	0.128396	
10.24	-0.0551906	-0.0392239	0.128713	
10.25	-0.0567282	-0.0364236	0.129459	
10.26	-0.0580655	-0.0333336	0.130624	
10.27	-0.0590849	-0.0295639	0.13232	
10.28	-0.0601585	-0.0262167	0.134208	
10.29	-0.0610827	-0.0231185	0.136338	
10.3	-0.0617779	-0.0197303	0.138785	
10.31	-0.0622654	-0.0161597	0.141456	
10.32	-0.0629218	-0.0134228	0.144243	
10.33	-0.0623549	-0.011341	0.143855	
10.34	-0.0590133	-0.00973458	0.136502	
10.35	-0.0562111	-0.00813833	0.12677	
10.36	-0.0538991	-0.00561937	0.117912	
10.37	-0.0517674	-0.00249552	0.110041	
10.38	-0.0497193	0.00105122	0.102685	
10.39	-0.0476354	0.00504529	0.0952439	
10.4	-0.0453633	0.00948374	0.0877826	
10.41	-0.0431554	0.0138159	0.0803126	
10.42	-0.0414816	0.0171339	0.0727884	
10.43	-0.0398751	0.020517	0.0652366	
10.44	-0.0380157	0.0240076	0.0576975	
10.45	-0.0359109	0.0278081	0.0501765	
10.46	-0.0338772	0.0315282	0.0426829	
10.47	-0.0318589	0.0352176	0.035213	
10.48	-0.0301139	0.0386178	0.0277886	
10.49	-0.0284062	0.0418311	0.0203933	
10.5	-0.0267053	0.044954	0.0130503	
10.51	-0.0250028	0.047858	0.00579603	
10.52	-0.0232955	0.0504263	-0.00133382	
10.53	-0.0218331	0.0527233	-0.00836934	
10.54	-0.0206016	0.0546964	-0.0153007	
10.55	-0.0196345	0.0562723	-0.0221246	
10.56	-0.0189808	0.0574011	-0.0288313	
10.57	-0.018704	0.0580343	-0.0354035	
10.58	-0.0188654	0.0581236	-0.0418295	
10.59	-0.0195128	0.0576283	-0.0481011	
10.6	-0.0207049	0.0564937	-0.0542079	
10.61	-0.022498	0.0546737	-0.0601428	
10.62	-0.0249371	0.0521304	-0.0658973	
10.63	-0.0280868	0.0487946	-0.0714693	
10.64	-0.0281015	0.0476785	-0.0762279	
10.65	-0.0261208	0.0505872	-0.0801132	
10.66	-0.0236166	0.0537105	-0.0836756	
10.67	-0.0212444	0.0565419	-0.087229	
10.68	-0.0196719	0.0584238	-0.090979	
10.69	-0.0191286	0.0591352	-0.0949589	
10.7	-0.0190127	0.0592101	-0.0986912	
10.71	-0.0179906	0.060288	-0.101553	
10.72	-0.0178719	0.0605379	-0.104567	
10.73	-0.018859	0.059561	-0.107615	
10.74	-0.0197539	0.058486	-0.11012	
10.75	-0.0200917	0.0581351	-0.112116	
10.76	-0.0204204	0.0578276	-0.113904	
10.77	-0.0205739	0.057683	-0.115433	
10.78	-0.0206127	0.0576667	-0.116741	
10.79	-0.0205812	0.057731	-0.117844	
10.8	-0.0205485	0.0577923	-0.118752	
10.81	-0.0205117	0.0578669	-0.11945	
10.82	-0.0204437	0.0580424	-0.119911	
10.83	-0.0201918	0.0583954	-0.120199	
10.84	-0.0198775	0.058794	-0.120307	
10.85	-0.0195661	0.0591942	-0.120217	
10.86	-0.0192756	0.0595816	-0.119918	
10.87	-0.0190063	0.05997	-0.119405	
10.88	-0.0187338	0.0603621	-0.118698	
10.89	-0.0184473	0.0607578	-0.117794	
10.9	-0.0181603	0.0611544	-0.116697	
10.91	-0.0178683	0.0615593	-0.115394	
10.92	-0.0174718	0.0620784	-0.113871	
10.93	-0.0170993	0.0625931	-0.112155	
10.94	-0.016757	0.0630901	-0.110246	
10.95	-0.0164494	0.0635713	-0.108141	
10.96	-0.0161493	0.0640645	-0.105843	
10.97	-0.0158921	0.0645504	-0.103348	
10.98	-0.0156783	0.0649906	-0.100667	
10.99	-0.0154462	0.0654146	-0.0978501	
11	-0.0151569	0.0658155	-0.0949207	
11.01	-0.0147865	0.0661874	-0.0919029	
11.02	-0.0143206	0.0665338	-0.0888129	
11.03	-0.0155302	0.0669602	-0.0862441	
11.04	-0.0165317	0.0675757	-0.0839826	
11.05	-0.0173379	0.0683133	-0.0820256	
11.06	-0.0179687	0.0690496	-0.0803512	
11.07	-0.0184889	0.0697277	-0.0787775	
11.08	-0.0190307	0.0703719	-0.0768079	
11.09	-0.0196127	0.0709281	-0.0744456	
11.1	-0.0201816	0.0714433	-0.0717001	
11.11	-0.020759	0.0720013	-0.0686114	
11.12	-0.0213895	0.0724383	-0.0651718	
11.13	-0.022133	0.0726696	-0.0613942	
11.14	-0.0228753	0.0728435	-0.0572951	
11.15	-0.0236199	0.0729733	-0.0528928	
11.16	-0.0243482	0.0730063	-0.0482257	
11.17	-0.025089	0.0729895	-0.0432727	
11.18	-0.0258495	0.0729143	-0.0380311	
11.19	-0.0266006	0.0727587	-0.0325455	
11.2	-0.0273097	0.0725598	-0.0268538	
11.21	-0.0279786	0.0725492	-0.0210229	
11.22	-0.0287799	0.0727682	-0.0150609	
11.23	-0.029802	0.0731266	-0.00905435	
11.24	-0.0309855	0.0737817	-0.00296255	
11.25	-0.0322682	0.0746455	0.00333229	
11.26	-0.0336314	0.0757233	0.00981208	
11.27	-0.0350471	0.0771748	0.0164311	
11.28	-0.0366998	0.078874	0.0232092	
11.29	-0.0385592	0.0808157	0.0301041	
11.3	-0.040451	0.0827458	0.0371679	
11.31	-0.0423539	0.0846105	0.0443198	
11.32	-0.0442832	0.0864292	0.0515561	
11.33	-0.046281	0.0882891	0.0588312	
11.34	-0.0483863	0.0902584	0.0661886	
11.35	-0.0506433	0.0924394	0.0736014	
11.36	-0.053069	0.0948563	0.0810179	
11.37	-0.0557888	0.0973625	0.0884835	
11.38	-0.0586111	0.100128	0.0958306	
11.39	-0.0610187	0.102198	0.103666	
11.4	-0.0633887	0.104213	0.111506	
11.41	-0.0655869	0.105925	0.119473	
11.42	-0.0675156	0.107235	0.127437	
11.43	-0.0693421	0.108297	0.135272	
11.44	-0.070888	0.109198	0.142962	
11.45	-0.0722571	0.109807	0.150521	
11.46	-0.0732788	0.109697	0.158141	
11.47	-0.0737692	0.108919	0.165723	
11.48	-0.0741779	0.108082	0.172833	
11.49	-0.0748563	0.107674	0.179167	
11.5	-0.0750632	0.106675	0.18522	
11.51	-0.0749247	0.105242	0.191031	
11.52	-0.0750091	0.104113	0.196642	
11.53	-0.0752488	0.103251	0.202179	
11.54	-0.0755904	0.102572	0.207621	
11.55	-0.0759759	0.101987	0.212957	
11.56	-0.0763573	0.101436	0.218178	
11.57	-0.0766844	0.100852	0.223272	
11.58	-0.0769052	0.100171	0.228224	
11.59	-0.0769659	0.0993298	0.233026	
11.6	-0.0768145	0.0982717	0.237669	
11.61	-0.0763943	0.0969319	0.242142	
11.62	-0.075645	0.0952519	0.246437	
11.63	-0.0745317	0.0931946	0.250546	
11.64	-0.0726033	0.0910167	0.254531	
11.65	-0.0707828	0.0878596	0.25826	
11.66	-0.0682512	0.0841498	0.261791	
11.67	-0.0650594	0.0798719	0.265091	
11.68	-0.0612259	0.0749916	0.268182	
11.69	-0.0567131	0.0694563	0.271062	
11.7	-0.0514871	0.0632175	0.273742	
11.71	-0.0455045	0.0562259	0.276223	
11.72	-0.0387063	0.0484217	0.278512	
11.73	-0.0310699	0.0397767	0.280626	
11.74	-0.0225473	0.0302387	0.282582	
11.75	-0.0130965	0.0197598	0.284403	
11.76	-0.00267691	0.00829928	0.286107	
11.77	0.00875663	-0.00420072	0.287736	
11.78	0.0212342	-0.0177834	0.289329	
11.79	0.0349135	-0.0324755	0.290893	
11.8	0.0497543	-0.0483839	0.292518	
11.81	0.0628898	-0.0636036	0.294118	
11.82	0.0610017	-0.0676421	0.294257	
11.83	0.0582201	-0.0676923	0.292695	
11.84	0.0562537	-0.0655763	0.290808	
11.85	0.0548565	-0.0624346	0.289056	
11.86	0.0540793	-0.0577682	0.287205	
11.87	0.0537999	-0.0518248	0.285151	
11.88	0.0521107	-0.0496285	0.283035	
11.89	0.0510211	-0.0484779	0.280856	
11.9	0.0499296	-0.0473925	0.278677	
11.91	0.0488137	-0.0463543	0.276449	
11.92	0.0481569	-0.0443686	0.27394	
11.93	0.0473259	-0.0426303	0.270984	
11.94	0.0463344	-0.0425163	0.267807	
11.95	0.0452504	-0.0421569	0.264589	
11.96	0.0442674	-0.0416348	0.261307	
11.97	0.0433756	-0.041071	0.257924	
11.98	0.0426155	-0.0405048	0.254425	
11.99	0.0420065	-0.0399631	0.250792	
12	0.0411371	-0.0395284	0.247043	
12.01	0.0402851	-0.0391919	0.243626	
12.02	0.0394145	-0.0388182	0.240109	
12.03	0.0384672	-0.0386082	0.236566	
12.04	0.0374009	-0.0385507	0.233031	
12.05	0.0361858	-0.0386417	0.229521	
12.06	0.0348149	-0.0388733	0.226023	
12.07	0.03327	-0.0392138	0.222476	
12.08	0.0315395	-0.0396548	0.218877	
12.09	0.0296267	-0.0401903	0.21524	
12.1	0.0275415	-0.0408152	0.211584	
12.11	0.0252975	-0.0415291	0.207923	
12.12	0.0232036	-0.0413259	0.204363	
12.13	0.0205494	-0.042568	0.200725	
12.14	0.0178941	-0.0437674	0.19716	
12.15	0.0151373	-0.0449008	0.19372	
12.16	0.0122333	-0.0460563	0.190438	
12.17	0.00916643	-0.0472742	0.18734	
12.18	0.00594247	-0.0485719	0.18443	
12.19	0.0025699	-0.0499359	0.181737	
12.2	-0.000894558	-0.0513634	0.179268	
12.21	-0.00440446	-0.0527632	0.176967	
12.22	-0.00503846	-0.053259	0.172429	
12.23	-0.00505858	-0.0533736	0.16681	
12.24	-0.00500201	-0.0533822	0.161073	
12.25	-0.00487881	-0.0533225	0.155261	
12.26	-0.00442854	-0.0526657	0.149519	
12.27	-0.00414246	-0.0521932	0.143441	
12.28	-0.00374301	-0.0515337	0.137279	
12.29	-0.00321853	-0.050619	0.13099	
12.3	-0.00258894	-0.0495119	0.12458	
12.31	-0.00187359	-0.0482562	0.118064	
12.32	-0.0010786	-0.0468775	0.111437	
12.33	-2.35053e-05	-0.0450607	0.104881	
12.34	0.00159843	-0.0423051	0.0983402	
12.35	0.00371336	-0.0387769	0.0916873	
12.36	0.00633452	-0.0344721	0.0849752	
12.37	0.00944023	-0.0294722	0.0782163	
12.38	0.0116542	-0.0257644	0.0706751	
12.39	0.0120863	-0.0254883	0.0626167	
12.4	0.0133607	-0.0235576	0.0555191	
12.41	0.0149851	-0.0211834	0.0484374	
12.42	0.0169878	-0.0183243	0.0413638	
12.43	0.0193048	-0.0150808	0.0343096	
12.44	0.0218926	-0.0115366	0.0272348	
12.45	0.0248383	-0.00789587	0.0200963	
12.46	0.0277885	-0.0040781	0.012987	
12.47	0.0307527	-0.000126678	0.00597275	
12.48	0.0338226	0.00378637	-0.00100473	
12.49	0.0369266	0.00760724	-0.00792159	
12.5	0.0400113	0.0112865	-0.0147549	
12.51	0.0430275	0.0147754	-0.021479	
12.52	0.0459268	0.0180213	-0.0280715	
12.53	0.0487103	0.0210587	-0.034442	
12.54	0.0513623	0.0238598	-0.0405212	
12.55	0.0537703	0.0262992	-0.0463515	
12.56	0.0559179	0.0283722	-0.0518871	
12.57	0.0577676	0.030045	-0.0571244	
12.58	0.059351	0.0313669	-0.0620832	
12.59	0.0604836	0.0321125	-0.0669255	
12.6	0.0612122	0.0324366	-0.071546	
12.61	0.0614699	0.0321899	-0.0759749	
12.62	0.0611867	0.0313046	-0.080215	
12.63	0.0603464	0.029787	-0.0842466	
12.64	0.0588259	0.0274914	-0.0881432	
12.65	0.0567008	0.0244754	-0.0917775	
12.66	0.0539307	0.0208293	-0.0951936	
12.67	0.0503456	0.0163078	-0.098523	
12.68	0.0458863	0.0109373	-0.101514	
12.69	0.0406658	0.00480386	-0.104288	
12.7	0.0346454	-0.00212814	-0.106868	
12.71	0.0277942	-0.00988474	-0.109264	
12.72	0.020079	-0.0184994	-0.111494	
12.73	0.011463	-0.0280076	-0.113571	
12.74	0.00190631	-0.038451	-0.115522	
12.75	-0.00863316	-0.0498726	-0.117371	
12.76	-0.0201983	-0.0623156	-0.119143	
12.77	-0.0266133	-0.0710795	-0.120983	
12.78	-0.0259452	-0.0719919	-0.122934	
12.79	-0.0265277	-0.0707262	-0.124481	
12.8	-0.0270546	-0.0689957	-0.1253	
12.81	-0.0269737	-0.0689895	-0.125794	
12.82	-0.027023	-0.0690726	-0.12596	
12.83	-0.0270701	-0.0690824	-0.125894	
12.84	-0.0270538	-0.0689998	-0.125593	
12.85	-0.0270052	-0.0688989	-0.125085	
12.86	-0.0265919	-0.0684305	-0.124215	
12.87	-0.0261866	-0.067904	-0.122998	
12.88	-0.0258283	-0.0674036	-0.121432	
12.89	-0.0255047	-0.0669297	-0.119517	
12.9	-0.0252272	-0.0664886	-0.117249	
12.91	-0.0249812	-0.0660669	-0.11464	
12.92	-0.0247584	-0.065661	-0.111709	
12.93	-0.0245562	-0.065274	-0.108465	
12.94	-0.0242943	-0.0648203	-0.104926	
12.95	-0.0239568	-0.0642673	-0.101158	
12.96	-0.023544	-0.0638297	-0.0973851	
12.97	-0.0230548	-0.0634302	-0.093652	
12.98	-0.0225051	-0.0630197	-0.08996	
12.99	-0.021861	-0.062615	-0.0863432	
13	-0.0209716	-0.0622456	-0.0828069	
13.01	-0.0200256	-0.0619256	-0.0793544	
13.02	-0.0190396	-0.0616548	-0.0759965	
13.03	-0.0179834	-0.0614396	-0.0727501	
13.04	-0.0168279	-0.0612932	-0.069601	
13.05	-0.0155487	-0.0612134	-0.0665157	
13.06	-0.0140992	-0.0611692	-0.063406	
13.07	-0.0124663	-0.061155	-0.0602634	
13.08	-0.0106537	-0.06117	-0.0571013	
13.09	-0.00867007	-0.0612068	-0.0539427	
13.1	-0.00651826	-0.0612965	-0.0507943	
13.11	-0.00423067	-0.0614176	-0.0477174	
13.12	-0.00188199	-0.0614908	-0.0447615	
13.13	-0.000205342	-0.0612283	-0.0417726	
13.14	-0.000781447	-0.0609462	-0.0374798	
13.15	0.00182148	-0.0608208	-0.0326197	
13.16	0.00780757	-0.0613253	-0.0268918	
13.17	0.0107193	-0.0614775	-0.0238342	
13.18	0.0111515	-0.0614608	-0.0188195	
13.19	0.0143898	-0.0632256	-0.0128778	
13.2	0.0165364	-0.0660858	-0.00654985	
13.21	0.0205583	-0.0646123	-0.00181853	
13.22	0.0216003	-0.0634764	0.00324175	
13.23	0.0241794	-0.0630289	0.00935495	
13.24	0.0288716	-0.063003	0.0151199	
13.25	0.0256112	-0.0623222	0.0213041	
13.26	0.0184092	-0.061634	0.0292965	
13.27	0.0139634	-0.0609263	0.0373813	
13.28	0.0114923	-0.0602403	0.0454979	
13.29	0.0101191	-0.0594359	0.0537317	
13.3	0.0092413	-0.0584954	0.0619909	
13.31	0.00864692	-0.0575551	0.070351	
13.32	0.00814303	-0.0564151	0.0786331	
13.33	0.00765545	-0.0551264	0.0868827	
13.34	0.00710419	-0.0536059	0.0951557	
13.35	0.00652361	-0.0519277	0.103452	
13.36	0.00589962	-0.0501034	0.111773	
13.37	0.00522657	-0.0481481	0.120127	
13.38	0.00455931	-0.0461453	0.128512	
13.39	0.00399208	-0.0442716	0.136936	
13.4	0.00331131	-0.0421316	0.145421	
13.41	0.00220915	-0.0392938	0.15392	
13.42	0.000731601	-0.0359016	0.16244	
13.43	-0.00108764	-0.0320421	0.170968	
13.44	-0.0033747	-0.0278528	0.179479	
13.45	-0.00528976	-0.0242209	0.187908	
13.46	-0.00752086	-0.0201747	0.196315	
13.47	-0.00995204	-0.0159164	0.20473	
13.48	-0.0125342	-0.0115226	0.21314	
13.49	-0.0152167	-0.00706799	0.221529	
13.5	-0.0179488	-0.00262366	0.229878	
13.51	-0.0206801	0.0017417	0.238175	
13.52	-0.0233613	0.00596461	0.246405	
13.53	-0.0259387	0.00997883	0.254555	
13.54	-0.0283634	0.0137283	0.262606	
13.55	-0.0306713	0.0170814	0.270499	
13.56	-0.0326551	0.0200946	0.278259	
13.57	-0.0343687	0.0226335	0.285853	
13.58	-0.0357045	0.0246814	0.293254	
13.59	-0.0367658	0.026011	0.300341	
13.6	-0.0372852	0.0265978	0.306924	
13.61	-0.0371736	0.0263521	0.312967	
13.62	-0.0364199	0.0251933	0.318408	
13.63	-0.0349637	0.0230838	0.32322	
13.64	-0.0327493	0.0199834	0.327379	
13.65	-0.0298124	0.0160767	0.331197	
13.66	-0.0261935	0.011461	0.334835	
13.67	-0.0218592	0.00610609	0.3383	
13.68	-0.0166382	-8.41689e-05	0.341567	
13.69	-0.0105894	-0.00712237	0.34467	
13.7	-0.00368646	-0.0150178	0.347628	
13.71	0.00410583	-0.0237924	0.350446	
13.72	0.0128299	-0.0334853	0.353146	
13.73	0.0225295	-0.0441322	0.35575	
13.74	0.0308193	-0.0540379	0.358011	
13.75	0.0249765	-0.05403	0.357382	
13.76	0.0178079	-0.0506772	0.355671	
13.77	0.0134515	-0.0460741	0.354274	
13.78	0.0104201	-0.0401526	0.352181	
13.79	0.00824993	-0.0330824	0.349226	
13.8	0.000669813	-0.0298055	0.346931	
13.81	-0.00979389	-0.0295468	0.345062	
13.82	-0.0142281	-0.0297378	0.34315	
13.83	-0.00983657	-0.0310197	0.342276	
13.84	-0.00660735	-0.0294162	0.340871	
13.85	-0.00506658	-0.0278289	0.339436	
13.86	-0.0044609	-0.026585	0.338058	
13.87	-0.00426765	-0.0255256	0.336876	
13.88	-0.00444168	-0.0244534	0.335718	
13.89	-0.00471863	-0.0233943	0.334542	
13.9	-0.00497319	-0.0224312	0.333172	
13.91	-0.00496055	-0.021834	0.331538	
13.92	-0.00517999	-0.0210386	0.329722	
13.93	-0.0053975	-0.020243	0.327809	
13.94	-0.00555955	-0.0195511	0.325683	
13.95	-0.00563729	-0.0189775	0.32334	
13.96	-0.00564629	-0.0184922	0.320779	
13.97	-0.00559554	-0.0180784	0.318002	
13.98	-0.00549248	-0.0177257	0.315013	
13.99	-0.00534034	-0.0174254	0.311818	
14	-0.00518585	-0.017173	0.308477	
14.01	-0.0051279	-0.0169894	0.305408	
14.02	-0.00520825	-0.0167428	0.30222	
14.03	-0.00543917	-0.016505	0.298935	
14.04	-0.00582869	-0.0162923	0.295614	
14.05	-0.00641778	-0.0160646	0.292243	
14.06	-0.00720934	-0.0158364	0.288788	
14.07	-0.00826431	-0.0155184	0.285322	
14.08	-0.00952673	-0.0151657	0.281846	
14.09	-0.0109559	-0.0148188	0.278369	
14.1	-0.0114406	-0.0142978	0.274955	
14.11	-0.0110235	-0.0135702	0.271255	
14.12	-0.0105924	-0.0128268	0.267363	
14.13	-0.0101704	-0.0121079	0.26322	
14.14	-0.0097687	-0.0114359	0.258853	
14.15	-0.00936138	-0.0107561	0.254338	
14.16	-0.00893304	-0.0100844	0.249705	
14.17	-0.00850889	-0.00945162	0.244942	
14.18	-0.00809003	-0.00888019	0.240037	
14.19	-0.00772185	-0.00842187	0.234984	
14.2	-0.00734268	-0.00795967	0.229812	
14.21	-0.00688091	-0.00750662	0.224541	
14.22	-0.00636594	-0.00695655	0.219134	
14.23	-0.00579457	-0.00622805	0.213578	
14.24	-0.0051346	-0.00529401	0.207863	
14.25	-0.00437446	-0.00415495	0.202013	
14.26	-0.00353239	-0.00274814	0.195999	
14.27	-0.00260266	-0.00102554	0.189812	
14.28	-0.00152146	0.000868652	0.183518	
14.29	-0.000294268	0.0029421	0.177106	
14.3	0.00102271	0.00505581	0.170589	
14.31	0.0027598	0.0068031	0.163951	
14.32	0.00601762	0.00524335	0.156154	
14.33	0.0104493	0.000169982	0.147476	
14.34	0.0160592	-0.00818638	0.138411	
14.35	0.0190789	-0.01418	0.130985	
14.36	0.0244131	-0.0184717	0.124175	
14.37	0.0261612	-0.0221143	0.117814	
14.38	0.0294508	-0.0243417	0.112011	
14.39	0.0308584	-0.0245772	0.106425	
14.4	0.0333993	-0.0240932	0.100927	
14.41	0.0321434	-0.0204899	0.0959214	
14.42	0.032587	-0.0170786	0.0909355	
14.43	0.0304731	-0.0115927	0.0858187	
14.44	0.0282809	-0.00561333	0.0805208	
14.45	0.0242128	0.00107278	0.0753831	
14.46	0.0226485	0.0071002	0.0700574	
14.47	0.0226438	0.0125479	0.0643736	
14.48	0.0233502	0.0173516	0.0583591	
14.49	0.0244287	0.0214662	0.052031	
14.5	0.025567	0.0248002	0.045186	
14.51	0.0267204	0.0275392	0.0382668	
14.52	0.0279365	0.0300138	0.0319234	
14.53	0.0291809	0.0322515	0.0259863	
14.54	0.0303751	0.0341999	0.02044	
14.55	0.0314178	0.0357995	0.015118	
14.56	0.0323148	0.0371053	0.0099799	
14.57	0.0329956	0.038017	0.00493032	
14.58	0.0333046	0.0384109	4.58468e-05	
14.59	0.0332639	0.03833	-0.00466758	
14.6	0.0329376	0.0377924	-0.00922349	
14.61	0.0321957	0.0365842	-0.013633	
14.62	0.030913	0.0347966	-0.0178483	
14.63	0.0290718	0.0323892	-0.0218926	
14.64	0.0265846	0.0292752	-0.025762	
14.65	0.0234566	0.0254711	-0.0294644	
14.66	0.0196427	0.0209367	-0.0329936	
14.67	0.0150724	0.0156585	-0.036325	
14.68	0.00975328	0.00958888	-0.0394878	
14.69	0.00361165	0.00261472	-0.0424722	
14.7	-0.00340007	-0.00523993	-0.0453064	
14.71	-0.0112676	-0.0139469	-0.0480098	
14.72	-0.017057	-0.0215383	-0.0507371	
14.73	-0.0154418	-0.0227767	-0.0535151	
14.74	-0.0142279	-0.0212086	-0.0559874	
14.75	-0.0134612	-0.0169124	-0.0579007	
14.76	-0.0120741	-0.014983	-0.0597951	
14.77	-0.0112412	-0.0140641	-0.0613826	
14.78	-0.0107031	-0.0134289	-0.0627676	
14.79	-0.0107798	-0.0134245	-0.0639783	
14.8	-0.0105421	-0.0131326	-0.0649518	
14.81	-0.0102485	-0.0127612	-0.0657123	
14.82	-0.00990421	-0.0123918	-0.0662782	
14.83	-0.00950651	-0.0120402	-0.0666419	
14.84	-0.00908579	-0.0116731	-0.0667803	
14.85	-0.00863459	-0.0112977	-0.0666961	
14.86	-0.00882686	-0.0116344	-0.066471	
14.87	-0.00859147	-0.0115747	-0.0659625	
14.88	-0.00827297	-0.0114148	-0.0652211	
14.89	-0.00795836	-0.011272	-0.0642527	
14.9	-0.00761787	-0.011112	-0.0630511	
14.91	-0.00723653	-0.0109141	-0.0616107	
14.92	-0.00681837	-0.0106829	-0.0599212	
14.93	-0.00638811	-0.0104073	-0.0579938	
14.94	-0.00598642	-0.0100976	-0.0558289	
14.95	-0.00558691	-0.00975512	-0.0534333	
14.96	-0.00518284	-0.00938268	-0.0508117	
14.97	-0.00477035	-0.00898186	-0.0479655	
14.98	-0.00434098	-0.00855202	-0.0449	
14.99	-0.00385377	-0.00809407	-0.0416304	
15	-0.00327865	-0.00761067	-0.0381997	
15.01	-0.0026304	-0.00712241	-0.0348418	
15.02	-0.00190788	-0.00664743	-0.0315839	
15.03	-0.000557122	-0.00628212	-0.0284041	
15.04	0.00454607	-0.00655903	-0.0252419	
15.05	0.00970704	-0.00679604	-0.0219311	
15.06	0.017092	-0.00743297	-0.018537	
15.07	0.0185568	-0.0074408	-0.0168787	
15.08	0.0174449	-0.00660808	-0.0151135	
15.09	0.0165619	-0.00585046	-0.0129748	
15.1	0.0158472	-0.00519833	-0.0105146	
15.11	0.0152195	-0.00461145	-0.00776921	
15.12	0.0146366	-0.00407075	-0.00476173	
15.13	0.0140747	-0.00357684	-0.00152879	
15.14	0.0135312	-0.00312513	0.00190365	
15.15	0.0130052	-0.00272067	0.00551354	
15.16	0.0126038	-0.00222407	0.0092306	
15.17	0.0121425	-0.00186074	0.0131543	
15.18	0.0116604	-0.00165819	0.0172893	
15.19	0.0109413	-0.000869311	0.0214615	
15.2	0.00998919	0.000764746	0.0259595	
15.21	0.00998248	0.000592234	0.0313361	
15.22	0.00976693	0.000771172	0.0364192	
15.23	0.00942872	0.00122725	0.0412848	
15.24	0.00897129	0.00192485	0.046192	
15.25	0.00840055	0.00284779	0.0512283	
15.26	0.00771384	0.00398456	0.0564116	
15.27	0.00691678	0.00532819	0.0617108	
15.28	0.00545951	0.00782696	0.0671017	
15.29	0.00322324	0.0117372	0.07262	
15.3	0.00160852	0.0146988	0.078546	
15.31	0.00015406	0.0170649	0.0843605	
15.32	-0.00168107	0.0201977	0.0901559	
15.33	-0.00379108	0.0239305	0.0959916	
15.34	-0.00619929	0.0279614	0.101931	
15.35	-0.00888119	0.0323054	0.107946	
15.36	-0.0118226	0.0369329	0.114027	
15.37	-0.015068	0.0419515	0.120178	
15.38	-0.0181188	0.04743	0.126423	
15.39	-0.0221425	0.052823	0.132742	
15.4	-0.0264754	0.058762	0.13908	
15.41	-0.0310035	0.0650897	0.145415	
15.42	-0.0357961	0.0717586	0.151787	
15.43	-0.0407875	0.0786147	0.158192	
15.44	-0.0457857	0.085321	0.16459	
15.45	-0.0510756	0.0922836	0.171002	
15.46	-0.0566883	0.099539	0.177438	
15.47	-0.0601495	0.103688	0.185626	
15.48	-0.0631572	0.107039	0.193499	
15.49	-0.0660991	0.110204	0.200619	
15.5	-0.0683931	0.112434	0.207514	
15.51	-0.0700788	0.113798	0.214105	
15.52	-0.0714955	0.114772	0.220072	
15.53	-0.0724318	0.115077	0.225787	
15.54	-0.0724266	0.114221	0.23147	
15.55	-0.0689942	0.113595	0.236899	
15.56	-0.0624908	0.11483	0.24172	
15.57	-0.0556353	0.115342	0.24485	
15.58	-0.057684	0.109093	0.247879	
15.59	-0.0585513	0.104433	0.252485	
15.6	-0.0579417	0.100746	0.257188	
15.61	-0.0565569	0.0974119	0.261755	
15.62	-0.0547685	0.0940795	0.266194	
15.63	-0.0524784	0.0904481	0.27046	
15.64	-0.0496159	0.0864276	0.274518	
15.65	-0.0461742	0.0818911	0.278378	
15.66	-0.042139	0.0767995	0.282038	
15.67	-0.0374645	0.0710786	0.285503	
15.68	-0.0320826	0.0646563	0.288769	
15.69	-0.025967	0.0574986	0.291846	
15.7	-0.0190727	0.0495556	0.294753	
15.71	-0.0113626	0.0407873	0.297498	
15.72	-0.00279422	0.0311476	0.300098	
15.73	0.00665727	0.0206073	0.302578	
15.74	0.0170378	0.0091181	0.304961	
15.75	0.0283867	-0.00336532	0.307281	
15.76	0.0407482	-0.0168852	0.309564	
15.77	0.0541746	-0.031504	0.311862	
15.78	0.0687024	-0.0472721	0.314225	
15.79	0.0689583	-0.0534212	0.315528	
15.8	0.0656129	-0.0540308	0.314865	
15.81	0.0630927	-0.0527847	0.313938	
15.82	0.0610884	-0.049045	0.312317	
15.83	0.0597642	-0.0433014	0.310346	
15.84	0.0582887	-0.0372648	0.308995	
15.85	0.0565701	-0.0353294	0.308385	
15.86	0.055257	-0.0340637	0.306944	
15.87	0.0540394	-0.0328005	0.305328	
15.88	0.0528675	-0.0315921	0.303581	
15.89	0.051756	-0.0304204	0.301683	
15.9	0.0506816	-0.0293137	0.299624	
15.91	0.0496638	-0.0282826	0.297407	
15.92	0.0487019	-0.0273327	0.295021	
15.93	0.0477983	-0.0264588	0.29247	
15.94	0.0471606	-0.0258527	0.289785	
15.95	0.048057	-0.0269146	0.287129	
15.96	0.050617	-0.0299335	0.284495	
15.97	0.0548265	-0.0349	0.281895	
15.98	0.0496025	-0.0326257	0.279521	
15.99	0.0467267	-0.0279404	0.276858	
16	0.044729	-0.0256924	0.273188	
16.01	0.0433219	-0.0246731	0.269607	
16.02	0.0422357	-0.0240068	0.265897	
16.03	0.0411868	-0.0235595	0.262039	
16.04	0.0400357	-0.0232874	0.258011	
16.05	0.0387298	-0.023148	0.253777	
16.06	0.0372438	-0.0230774	0.249356	
16.07	0.0355615	-0.0230587	0.244749	
16.08	0.0338369	-0.0230599	0.239967	
16.09	0.0318316	-0.0231355	0.235037	
16.1	0.0295868	-0.0232499	0.229945	
16.11	0.0271913	-0.0233939	0.224683	
16.12	0.02495	-0.023883	0.219366	
16.13	0.0247071	-0.0268624	0.214397	
16.14	0.0265526	-0.0326515	0.209974	
16.15	0.0204952	-0.0319164	0.206409	
16.16	0.015821	-0.0301749	0.202135	
16.17	0.0136848	-0.0297393	0.197118	
16.18	0.0134808	-0.0298296	0.191743	
16.19	0.0133852	-0.0303454	0.186316	
16.2	0.013297	-0.0310596	0.180942	
16.21	0.0132405	-0.031784	0.175559	
16.22	0.0133446	-0.0322689	0.170154	
16.23	0.0136279	-0.0323082	0.164528	
16.24	0.0137827	-0.0326104	0.158799	
16.25	0.014082	-0.0326318	0.152972	
16.26	0.0145119	-0.0323728	0.147	
16.27	0.0150637	-0.0318739	0.140888	
16.28	0.0157236	-0.0311716	0.134657	
16.29	0.0164952	-0.0302739	0.1283	
16.3	0.0172326	-0.0294139	0.121815	
16.31	0.0180266	-0.0285225	0.115244	
16.32	0.0188897	-0.0275358	0.108566	
16.33	0.0198034	-0.02647	0.101796	
16.34	0.0212263	-0.0245215	0.0951448	
16.35	0.0225241	-0.0228462	0.0881926	
16.36	0.0239742	-0.0209766	0.0812009	
16.37	0.0256273	-0.018826	0.0741661	
16.38	0.0274895	-0.0163956	0.0670596	
16.39	0.0294959	-0.0138296	0.0598086	
16.4	0.0313641	-0.0115385	0.0525196	
16.41	0.033426	-0.0089698	0.0453724	
16.42	0.0359319	-0.00570541	0.0384261	
16.43	0.0388215	-0.00182913	0.0317158	
16.44	0.0420649	0.00257591	0.0252402	
16.45	0.0456419	0.00740724	0.0189216	
16.46	0.0495196	0.0125623	0.0126466	
16.47	0.053662	0.0179685	0.00637576	
16.48	0.0580297	0.0235549	0.000121966	
16.49	0.0625699	0.0292406	-0.00610289	
16.5	0.067244	0.0349664	-0.0122903	
16.51	0.0720115	0.0406766	-0.0184268	
16.52	0.0768292	0.0463136	-0.0244969	
16.53	0.0816549	0.0518282	-0.0304905	
16.54	0.0864488	0.0571766	-0.0363925	
16.55	0.0911706	0.0623151	-0.0421863	
16.56	0.0957773	0.0671986	-0.0478633	
16.57	0.100225	0.0717871	-0.0534092	
16.58	0.10458	0.0759712	-0.0588143	
16.59	0.108726	0.0797137	-0.0640539	
16.6	0.112504	0.0830983	-0.0691138	
16.61	0.115855	0.0861025	-0.0739883	
16.62	0.118845	0.0886084	-0.0786836	
16.63	0.121477	0.0906103	-0.0831499	
16.64	0.123656	0.0920481	-0.0873685	
16.65	0.125337	0.0929145	-0.0913491	
16.66	0.126477	0.0931886	-0.095073	
16.67	0.127063	0.0928807	-0.0985415	
16.68	0.127033	0.0919331	-0.101723	
16.69	0.12635	0.0903331	-0.104619	
16.7	0.124999	0.0880779	-0.10724	
16.71	0.122938	0.0851338	-0.109561	
16.72	0.120164	0.0814955	-0.111612	
16.73	0.116591	0.0770872	-0.113353	
16.74	0.109862	0.0735662	-0.114772	
16.75	0.0994531	0.0713894	-0.116088	
16.76	0.0853045	0.0704793	-0.117266	
16.77	0.0700141	0.0681591	-0.117915	
16.78	0.0575464	0.0600479	-0.117335	
16.79	0.040797	0.0537427	-0.116901	
16.8	0.0204364	0.0489829	-0.116527	
16.81	0.00621076	0.0363627	-0.11571	
16.82	-0.00718687	0.020474	-0.114812	
16.83	-0.0218311	0.00354695	-0.113721	
16.84	-0.014281	-0.0143329	-0.109667	
16.85	-0.00791362	-0.0331301	-0.105339	
16.86	-0.00313483	-0.0484984	-0.100851	
16.87	0.000779485	-0.0609176	-0.0961037	
16.88	0.00398348	-0.0704572	-0.0916206	
16.89	0.00666531	-0.0776882	-0.0872575	
16.9	0.00872144	-0.0822161	-0.0829546	
16.91	0.0101422	-0.0841591	-0.0788589	
16.92	0.0108972	-0.0835631	-0.0749599	
16.93	0.0110454	-0.0807634	-0.0712344	
16.94	0.0106675	-0.0759942	-0.0676459	
16.95	0.00974793	-0.0692504	-0.0641768	
16.96	0.00826188	-0.060508	-0.0608094	
16.97	0.00618311	-0.0497272	-0.0575294	
16.98	0.00348761	-0.0368605	-0.0543236	
16.99	0.00532068	-0.0331826	-0.049509	
17	0.00591309	-0.0326214	-0.0446158	
17.01	0.00458221	-0.0336985	-0.0395589	
17.02	0.00455122	-0.0306956	-0.036273	
17.03	0.00354226	-0.0249168	-0.033297	
17.04	0.00242725	-0.016214	-0.0304174	
17.05	0.000885493	-0.00611835	-0.0276642	
17.06	-0.00112985	0.00602436	-0.0250236	
17.07	-0.00374326	0.0203476	-0.0224921	
17.08	0.0027928	0.0183922	-0.0147641	
17.09	0.0124077	0.00369697	-0.00429654	
17.1	0.0168897	-0.0101351	0.00600789	
17.11	0.0179812	-0.0232298	0.0161568	
17.12	0.017798	-0.0338376	0.0248615	
17.13	0.0213204	-0.0373366	0.0296687	
17.14	0.0214076	-0.0368934	0.0338381	
17.15	0.0198357	-0.0336417	0.0372687	
17.16	0.0170398	-0.0281582	0.0406734	
17.17	0.0160176	-0.025927	0.0452523	
17.18	0.0162316	-0.0271909	0.0508303	
17.19	0.0162985	-0.0282315	0.056432	
17.2	0.0163312	-0.0290166	0.0622443	
17.21	0.0163252	-0.029646	0.0683165	
17.22	0.0162772	-0.0301275	0.0745694	
17.23	0.0161745	-0.0304623	0.0809213	
17.24	0.0159995	-0.0306274	0.0873756	
17.25	0.0157513	-0.030627	0.0939541	
17.26	0.0154165	-0.0304161	0.100654	
17.27	0.0149913	-0.0300091	0.107468	
17.28	0.0145704	-0.0292463	0.114338	
17.29	0.0139617	-0.028429	0.121398	
17.3	0.0132849	-0.027448	0.128543	
17.31	0.0125418	-0.0263219	0.13576	
17.32	0.0117393	-0.0250889	0.143033	
17.33	0.010885	-0.0237811	0.150311	
17.34	0.00977486	-0.022836	0.15783	
17.35	0.00887923	-0.0211936	0.165004	
17.36	0.00762596	-0.0191298	0.171891	
17.37	0.00626842	-0.0170206	0.178734	
17.38	0.00478388	-0.0148376	0.18546	
17.39	0.00320008	-0.0125757	0.192049	
17.4	0.00163318	-0.0104272	0.198553	
17.41	0.000107603	-0.00840248	0.204988	
17.42	-0.00159769	-0.00617321	0.211364	
17.43	-0.00372201	-0.00339203	0.217681	
17.44	-0.0058758	-0.000597876	0.224007	
17.45	-0.00838961	0.0011023	0.230784	
17.46	-0.0107313	0.00204395	0.237474	
17.47	-0.0126863	0.00380215	0.243842	
17.48	-0.0135414	0.0064666	0.249918	
17.49	-0.0150517	0.00904533	0.256016	
17.5	-0.0168866	0.0115222	0.262015	
17.51	-0.0188413	0.0138719	0.267916	
17.52	-0.0207883	0.0160407	0.273726	
17.53	-0.022647	0.017985	0.279415	
17.54	-0.0244212	0.0197476	0.284909	
17.55	-0.0260623	0.0213169	0.290285	
17.56	-0.0273692	0.0224351	0.295649	
17.57	-0.0283477	0.0231454	0.300809	
17.58	-0.0289317	0.0233853	0.305809	
17.59	-0.0290644	0.0231047	0.310646	
17.6	-0.0286909	0.0222621	0.315318	
17.61	-0.0277609	0.0208218	0.319818	
17.62	-0.0262808	0.0188227	0.32413	
17.63	-0.0242733	0.016243	0.328271	
17.64	-0.02173	0.013092	0.332237	
17.65	-0.0186093	0.00934052	0.336035	
17.66	-0.0148773	0.00495467	0.339662	
17.67	-0.0104982	-9.69255e-05	0.343119	
17.68	-0.00543752	-0.00584327	0.346405	
17.69	0.000346014	-0.0123189	0.349524	
17.7	0.00689357	-0.0195631	0.352497	
17.71	0.0142433	-0.0276102	0.355331	
17.72	0.0224396	-0.036504	0.358042	
17.73	0.0318379	-0.0466515	0.36072	
17.74	0.0348464	-0.0538478	0.36206	
17.75	0.0317451	-0.0555218	0.361573	
17.76	0.0293041	-0.0548414	0.360458	
17.77	0.0275991	-0.051909	0.358617	
17.78	0.0264527	-0.0472078	0.356244	
17.79	0.0248855	-0.0415383	0.354378	
17.8	0.0217334	-0.0383742	0.355021	
17.81	0.0200385	-0.0367468	0.355604	
17.82	0.0198152	-0.0365802	0.355997	
17.83	0.0186023	-0.0356525	0.355632	
17.84	0.0172718	-0.0344293	0.355044	
17.85	0.0159339	-0.0331696	0.354283	
17.86	0.0146519	-0.0319709	0.35336	
17.87	0.0134072	-0.0308933	0.352302	
17.88	0.0122384	-0.0298452	0.351115	
17.89	0.0111293	-0.0287355	0.349829	
17.9	0.0100714	-0.027698	0.348461	
17.91	0.00901111	-0.0266897	0.346822	
17.92	0.00800611	-0.0257106	0.344957	
17.93	0.00706244	-0.0247558	0.342893	
17.94	0.00619678	-0.0238457	0.340619	
17.95	0.00541031	-0.0229832	0.338134	
17.96	0.00470611	-0.0221701	0.335443	
17.97	0.00408533	-0.0214077	0.332548	
17.98	0.0035475	-0.0206943	0.329446	
17.99	0.00308573	-0.0200294	0.326151	
18	0.00264415	-0.0194973	0.323105	
18.01	0.00220503	-0.0189893	0.319913	
18.02	0.00170563	-0.0185658	0.316622	
18.03	0.00111645	-0.0182371	0.313267	
18.04	0.000343128	-0.0179884	0.309885	
18.05	-0.000554438	-0.0178334	0.306436	
18.06	-0.00159906	-0.0177547	0.302906	
18.07	-0.00280511	-0.0177602	0.299308	
18.08	-0.00416945	-0.0178487	0.295657	
18.09	-0.00568339	-0.0180196	0.291966	
18.1	-0.0072554	-0.0179955	0.288331	
18.11	-0.00905954	-0.0178874	0.284724	
18.12	-0.0110709	-0.0184715	0.281156	
18.13	-0.0131071	-0.0189613	0.277742	
18.14	-0.0151877	-0.0194264	0.274405	
18.15	-0.0173623	-0.0199357	0.271145	
18.16	-0.0182713	-0.0204351	0.267063	
18.17	-0.0179402	-0.0205801	0.26221	
18.18	-0.0175811	-0.0207924	0.257035	
18.19	-0.0172804	-0.0210297	0.251639	
18.2	-0.0170326	-0.021159	0.246095	
18.21	-0.0167803	-0.021085	0.240461	
18.22	-0.0163862	-0.0210064	0.234648	
18.23	-0.0159473	-0.0207451	0.228827	
18.24	-0.0154308	-0.0202637	0.222988	
18.25	-0.0148299	-0.0195553	0.217111	
18.26	-0.0141294	-0.0186219	0.211117	
18.27	-0.0129288	-0.0166335	0.205001	
18.28	-0.0117153	-0.0146488	0.198741	
18.29	-0.0106018	-0.0129618	0.192369	
18.3	-0.00926028	-0.0108959	0.185883	
18.31	-0.00780807	-0.00869262	0.179282	
18.32	-0.00628048	-0.00640456	0.172572	
18.33	-0.00463778	-0.00397537	0.165767	
18.34	-0.00288263	-0.00141487	0.158865	
18.35	-0.000988455	0.00132476	0.15187	
18.36	0.00108657	0.00433988	0.144791	
18.37	0.00336898	0.00768277	0.137639	
18.38	0.00597414	0.0115667	0.130411	
18.39	0.00893382	0.0160583	0.123105	
18.4	0.0121088	0.0208599	0.115746	
18.41	0.0155355	0.0260005	0.108327	
18.42	0.019268	0.0315005	0.100841	
18.43	0.0229936	0.0369219	0.0933437	
18.44	0.0264021	0.0415911	0.0858484	
18.45	0.0300937	0.0466345	0.0783164	
18.46	0.0339698	0.0518514	0.0707702	
18.47	0.0379732	0.0571358	0.0632262	
18.48	0.041834	0.06211	0.0557255	
18.49	0.0442831	0.0673425	0.0482905	
18.5	0.0413284	0.0720698	0.0407042	
18.51	0.0365841	0.0750607	0.0333488	
18.52	0.0416752	0.0751564	0.0260157	
18.53	0.0460997	0.0758844	0.0182003	
18.54	0.0489675	0.0768461	0.0107665	
18.55	0.0510342	0.0779331	0.00361874	
18.56	0.0525036	0.0788133	-0.00330222	
18.57	0.0534022	0.0792746	-0.00999467	
18.58	0.0539869	0.0791025	-0.0164253	
18.59	0.05405	0.0784785	-0.0226285	
18.6	0.053628	0.0773822	-0.0286022	
18.61	0.0526849	0.0757035	-0.0343478	
18.62	0.0511859	0.0734032	-0.0398557	
18.63	0.0491013	0.0704777	-0.0451186	
18.64	0.0463958	0.0669049	-0.0501352	
18.65	0.043036	0.0626626	-0.0549053	
18.66	0.0389438	0.0576489	-0.0594284	
18.67	0.0340089	0.0517979	-0.0636831	
18.68	0.0283199	0.0451944	-0.0676861	
18.69	0.0218392	0.0378025	-0.0714301	
18.7	0.0145255	0.0295824	-0.0749282	
18.71	0.0062713	0.0204081	-0.0781392	
18.72	-0.00290818	0.0103127	-0.0811864	
18.73	-0.0131187	-0.000831035	-0.0840184	
18.74	-0.0243719	-0.013023	-0.0866992	
18.75	-0.0366908	-0.0262564	-0.0892457	
18.76	-0.0500995	-0.0405252	-0.0916876	
18.77	-0.0646523	-0.0558826	-0.0940757	
18.78	-0.0804596	-0.0724825	-0.0963695	
18.79	-0.0975869	-0.0903448	-0.0988001	
18.8	-0.0969504	-0.0970451	-0.099963	
18.81	-0.0927201	-0.0981034	-0.100785	
18.82	-0.0890869	-0.0970719	-0.100144	
18.83	-0.0876951	-0.0946109	-0.0988477	
18.84	-0.086328	-0.0898979	-0.0962385	
18.85	-0.0858246	-0.0835979	-0.0924785	
18.86	-0.0847268	-0.0766087	-0.0884077	
18.87	-0.0806482	-0.0735689	-0.0870587	
18.88	-0.0786591	-0.0722569	-0.085997	
18.89	-0.0785594	-0.0725959	-0.0850236	
18.9	-0.0772958	-0.071871	-0.083567	
18.91	-0.0758011	-0.0705325	-0.0821752	
18.92	-0.0743759	-0.0692328	-0.0805649	
18.93	-0.0730991	-0.0680985	-0.0786945	
18.94	-0.071967	-0.0671199	-0.0765714	
18.95	-0.0709607	-0.0662831	-0.0742127	
18.96	-0.070024	-0.0655234	-0.0716425	
18.97	-0.069121	-0.0647983	-0.0688829	
18.98	-0.0684114	-0.0643397	-0.0658354	
18.99	-0.067752	-0.0640422	-0.0625772	
19	-0.0670293	-0.0638378	-0.0591559	
19.01	-0.0661603	-0.0636099	-0.0557995	
19.02	-0.0652097	-0.0634104	-0.0525419	
19.03	-0.064386	-0.0632065	-0.0494322	
19.04	-0.0633527	-0.0630692	-0.046408	
19.05	-0.0621571	-0.0630445	-0.0433354	
19.06	-0.0608132	-0.063118	-0.0402034	
19.07	-0.0591466	-0.0633308	-0.0370063	
19.08	-0.0574051	-0.0636093	-0.0337976	
19.09	-0.055597	-0.0639392	-0.0306126	
19.1	-0.053667	-0.0642569	-0.0275203	
19.11	-0.0516248	-0.06459	-0.0244751	
19.12	-0.0495401	-0.0649956	-0.0215028	
19.13	-0.047359	-0.0655972	-0.0186606	
19.14	-0.0450811	-0.066303	-0.0160027	
19.15	-0.0427039	-0.0670508	-0.0135745	
19.16	-0.0404107	-0.066915	-0.0118559	
19.17	-0.038301	-0.0657811	-0.0106742	
19.18	-0.0378801	-0.0671221	-0.00592893	
19.19	-0.0382022	-0.0682816	-0.000509212	
19.2	-0.0385334	-0.0691534	0.00510702	
19.21	-0.0388616	-0.0698449	0.0108976	
19.22	-0.0392066	-0.0703758	0.0168336	
19.23	-0.0396031	-0.0707262	0.0227689	
19.24	-0.0400519	-0.0708765	0.0288566	
19.25	-0.0405752	-0.0708439	0.0350953	
19.26	-0.0411495	-0.0706042	0.0415965	
19.27	-0.0418465	-0.0701704	0.048117	
19.28	-0.0426425	-0.0695382	0.0547484	
19.29	-0.0435397	-0.0687266	0.061503	
19.3	-0.0445349	-0.0677549	0.068365	
19.31	-0.0456242	-0.0666454	0.0753484	
19.32	-0.0467849	-0.0654519	0.0824386	
19.33	-0.048079	-0.0640478	0.089606	
19.34	-0.0497052	-0.0621785	0.096559	
19.35	-0.0504253	-0.0620144	0.104259	
19.36	-0.0521594	-0.0626297	0.112169	
19.37	-0.0535497	-0.0629328	0.119739	
19.38	-0.0547249	-0.0613197	0.125788	
19.39	-0.0560536	-0.0594043	0.132031	
19.4	-0.057525	-0.0575208	0.138389	
19.41	-0.0588235	-0.056062	0.144946	
19.42	-0.0601466	-0.0546628	0.151534	
19.43	-0.0614601	-0.0531981	0.158078	
19.44	-0.0628186	-0.0518858	0.164638	
19.45	-0.0642856	-0.0504456	0.171132	
19.46	-0.0657765	-0.0486396	0.1773	
19.47	-0.0673147	-0.0469408	0.183451	
19.48	-0.0687043	-0.0455736	0.189535	
19.49	-0.0696846	-0.0448381	0.195573	
19.5	-0.0705455	-0.0443131	0.201488	
19.51	-0.0707552	-0.0447036	0.20739	
19.52	-0.0701857	-0.0460896	0.21321	
19.53	-0.0693204	-0.047855	0.218734	
19.54	-0.0680598	-0.0501389	0.223997	
19.55	-0.0660445	-0.053267	0.22922	
19.56	-0.0636682	-0.0567858	0.234251	
19.57	-0.0610774	-0.0605066	0.239095	
19.58	-0.0581858	-0.0645135	0.243802	
19.59	-0.0549452	-0.0688582	0.248369	
19.6	-0.0513049	-0.0735902	0.252789	
19.61	-0.0534356	-0.0749797	0.255355	
19.62	-0.056498	-0.0729455	0.257637	
19.63	-0.0586492	-0.0689275	0.259798	
19.64	-0.0603521	-0.0653163	0.261709	
19.65	-0.0628217	-0.0615583	0.263621	
19.66	-0.0654998	-0.057652	0.265593	
19.67	-0.0667798	-0.0527511	0.26746	
19.68	-0.0677478	-0.0472005	0.269049	
19.69	-0.069031	-0.0405346	0.270265	
19.7	-0.0756979	-0.0381705	0.274164	
19.71	-0.0819134	-0.0378017	0.278526	
19.72	-0.0856943	-0.0371901	0.282691	
19.73	-0.0876694	-0.036795	0.286428	
19.74	-0.0881907	-0.0370813	0.289717	
19.75	-0.087445	-0.038347	0.292458	
19.76	-0.0855127	-0.04072	0.294646	
19.77	-0.0824297	-0.0442444	0.296326	
19.78	-0.0832947	-0.0440885	0.296632	
19.79	-0.0844211	-0.0429516	0.29764	
19.8	-0.0833266	-0.042666	0.298949	
19.81	-0.0821868	-0.0429226	0.299783	
19.82	-0.0807942	-0.0426021	0.299328	
19.83	-0.0794624	-0.0418646	0.299294	
19.84	-0.0798835	-0.0418232	0.299818	
19.85	-0.083905	-0.0424332	0.299839	
19.86	-0.0820268	-0.0403902	0.302587	
19.87	-0.079139	-0.0381493	0.306729	
19.88	-0.0772134	-0.0361268	0.311424	
19.89	-0.0758642	-0.0342059	0.316168	
19.9	-0.0747141	-0.0325104	0.320531	
19.91	-0.0737752	-0.0307553	0.324575	
19.92	-0.0729077	-0.0290579	0.328301	
19.93	-0.0720747	-0.0273858	0.331696	
19.94	-0.0712914	-0.0257827	0.334767	
19.95	-0.0702793	-0.0245132	0.337501	
19.96	-0.0691599	-0.0236164	0.338523	
19.97	-0.0681668	-0.0222321	0.338135	
19.98	-0.0660399	-0.0225543	0.336993	
19.99	-0.0628746	-0.0247071	0.334959	
20	-0.0584796	-0.0293629	0.333174	
20.01	-0.0524932	-0.0358948	0.330699	
20.02	-0.0456166	-0.0436972	0.326865	
20.03	-0.0375983	-0.0534213	0.323048	
20.04	-0.0380733	-0.0577502	0.319675	
20.05	-0.0458704	-0.052526	0.318158	
20.06	-0.0532773	-0.0449125	0.317559	
20.07	-0.056825	-0.0387896	0.317437	
20.08	-0.0574161	-0.0338351	0.31679	
20.09	-0.0558685	-0.0292693	0.315739	
20.1	-0.0548448	-0.0236028	0.314581	
20.11	-0.0529168	-0.0172747	0.313137	
20.12	-0.051318	-0.0119599	0.31071	
20.13	-0.0514462	-0.0105938	0.306585	
20.14	-0.0507764	-0.010152	0.302116	
20.15	-0.0494559	-0.0110338	0.297925	
20.16	-0.0497908	-0.00830478	0.294898	
20.17	-0.0496555	-0.00610853	0.291045	
20.18	-0.0494061	-0.00444512	0.286443	
20.19	-0.0488931	-0.00279673	0.281394	
20.2	-0.0473754	0.000532462	0.276758	
20.21	-0.0468366	0.00213164	0.271302	
20.22	-0.0467201	0.00242639	0.265831	
20.23	-0.0462089	0.00340991	0.260397	
20.24	-0.0454568	0.00479583	0.25482	
20.25	-0.0445077	0.00653286	0.249213	
20.26	-0.0434071	0.00850178	0.243474	
20.27	-0.0423645	0.0103352	0.237494	
20.28	-0.0412355	0.0122705	0.231422	
20.29	-0.0399955	0.0143464	0.225254	
20.3	-0.0386398	0.0165523	0.21899	
20.31	-0.0371802	0.0189006	0.21264	
20.32	-0.0356121	0.0213546	0.2062	
20.33	-0.033948	0.0239115	0.199687	
20.34	-0.0320896	0.026702	0.193153	
20.35	-0.0294481	0.030627	0.187009	
20.36	-0.0270171	0.0342558	0.180697	
20.37	-0.0246486	0.0375995	0.174206	
20.38	-0.0220331	0.0412003	0.167831	
20.39	-0.0191875	0.0450523	0.161588	
20.4	-0.0161221	0.0491195	0.155518	
20.41	-0.012696	0.0535775	0.149606	
20.42	-0.0088043	0.0586186	0.143711	
20.43	-0.00461084	0.0639994	0.137755	
20.44	0.00032072	0.0693949	0.131837	
20.45	0.00867964	0.0731801	0.125883	
20.46	0.0123924	0.0797768	0.120001	
20.47	0.0121355	0.0819251	0.111371	
20.48	0.0117287	0.0812762	0.102404	
20.49	0.0127638	0.0820185	0.0953292	
20.5	0.0143472	0.0833429	0.0888012	
20.51	0.015865	0.08443	0.0824549	
20.52	0.017487	0.0855888	0.0765025	
20.53	0.0191437	0.0867342	0.0709111	
20.54	0.0207046	0.087707	0.0656019	
20.55	0.0221456	0.0885191	0.0605263	
20.56	0.0233176	0.0889846	0.0555433	
20.57	0.0241749	0.0890752	0.050694	
20.58	0.0246553	0.0887356	0.0459919	
20.59	0.0247633	0.0880101	0.0414654	
20.6	0.0244716	0.0868787	0.037094	
20.61	0.0235084	0.0850094	0.0327812	
20.62	0.0219157	0.0825058	0.0287041	
20.63	0.0196335	0.0793363	0.0248322	
20.64	0.0167458	0.0755547	0.0211568	
20.65	0.0132959	0.07118	0.0176647	
20.66	0.00918754	0.06613	0.0143345	
20.67	0.00439389	0.0603804	0.0111639	
20.68	-0.00113289	0.0538883	0.00814944	
20.69	-0.0074029	0.046652	0.00529148	
20.7	-0.0144498	0.0386372	0.00257256	
20.71	-0.0223598	0.0297497	-1.4872e-05	
20.72	-0.0311382	0.0199975	-0.00251349	
20.73	-0.0408241	0.00933292	-0.00493554	
20.74	-0.0514897	-0.00232174	-0.00730885	
20.75	-0.0632611	-0.0150986	-0.00967165	
20.76	-0.0761776	-0.0290294	-0.0120677	
20.77	-0.0902738	-0.0441472	-0.0145474	
20.78	-0.106381	-0.0594281	-0.0172421	
20.79	-0.107283	-0.0634134	-0.0198549	
20.8	-0.104662	-0.0619718	-0.0223795	
20.81	-0.102441	-0.0581329	-0.0244029	
20.82	-0.0998504	-0.0549329	-0.0245706	
20.83	-0.0976104	-0.052417	-0.0243205	
20.84	-0.0956439	-0.0503079	-0.0237742	
20.85	-0.0938158	-0.0484237	-0.0229363	
20.86	-0.0921218	-0.0467139	-0.0218084	
20.87	-0.0905535	-0.0451783	-0.0203889	
20.88	-0.0894257	-0.0429577	-0.0185803	
20.89	-0.0890023	-0.038662	-0.0160854	
20.9	-0.0876308	-0.0345805	-0.0128753	
20.91	-0.0854085	-0.0359316	-0.00966272	
20.92	-0.0849587	-0.0375699	-0.00638254	
20.93	-0.0838939	-0.03748	-0.00263422	
20.94	-0.0829417	-0.0370017	0.00105293	
20.95	-0.082106	-0.0364592	0.00479724	
20.96	-0.0813401	-0.0358643	0.00854536	
20.97	-0.0806505	-0.0352908	0.0122552	
20.98	-0.0800637	-0.0348221	0.0159025	
20.99	-0.0795065	-0.0344619	0.019458	
21	-0.0789426	-0.0342218	0.0229062	
21.01	-0.0783237	-0.0340968	0.0262418	
21.02	-0.0775563	-0.0340672	0.0295023	
21.03	-0.0766245	-0.0341539	0.0326904	
21.04	-0.0755235	-0.0343722	0.0357944	
21.05	-0.0742381	-0.0347241	0.0388099	
21.06	-0.0727798	-0.0351917	0.0418003	
21.07	-0.0711482	-0.0357692	0.044808	
21.08	-0.0695646	-0.0355657	0.0476686	
21.09	-0.0674946	-0.0366498	0.0507243	
21.1	-0.0653502	-0.0376838	0.0536815	
21.11	-0.0630972	-0.038674	0.0565507	
21.12	-0.060749	-0.0397032	0.0593127	
21.13	-0.0585837	-0.03982	0.0616303	
21.14	-0.0560588	-0.0405655	0.0639738	
21.15	-0.0535328	-0.0413425	0.0660971	
21.16	-0.0509009	-0.0419892	0.0679302	
21.17	-0.0481802	-0.0426425	0.069356	
21.18	-0.0453523	-0.043312	0.0702812	
21.19	-0.0451794	-0.0438573	0.0745719	
21.2	-0.0455958	-0.0445644	0.0803158	
21.21	-0.0459663	-0.0452723	0.0863229	
21.22	-0.0463115	-0.045964	0.0926023	
21.23	-0.0467018	-0.0464805	0.0990078	
21.24	-0.0471425	-0.0468299	0.105537	
21.25	-0.0476333	-0.0470297	0.112169	
21.26	-0.0481923	-0.0470636	0.118919	
21.27	-0.048828	-0.046925	0.125763	
21.28	-0.0495462	-0.0466213	0.13272	
21.29	-0.0503344	-0.0461843	0.139806	
21.3	-0.0515334	-0.0449662	0.146685	
21.31	-0.0537808	-0.0417486	0.152892	
21.32	-0.0568325	-0.0371856	0.158939	
21.33	-0.0577028	-0.0363104	0.166729	
21.34	-0.0580248	-0.0371866	0.174733	
21.35	-0.0591472	-0.0363131	0.181917	
21.36	-0.060753	-0.0342388	0.188557	
21.37	-0.0627385	-0.0315279	0.194925	
21.38	-0.0649914	-0.0285207	0.201259	
21.39	-0.0674552	-0.0252982	0.207643	
21.4	-0.0703116	-0.0216821	0.2141	
21.41	-0.0737239	-0.0172013	0.220563	
21.42	-0.0775786	-0.0121192	0.227104	
21.43	-0.0818188	-0.00654899	0.233701	
21.44	-0.0863466	-0.000662953	0.240403	
21.45	-0.0911265	0.00544567	0.247086	
21.46	-0.0961928	0.0118143	0.253795	
21.47	-0.101496	0.0183502	0.260518	
21.48	-0.107016	0.0250285	0.267229	
21.49	-0.11271	0.0317856	0.273919	
21.5	-0.118536	0.0385583	0.280568	
21.51	-0.124424	0.0452326	0.2872	
21.52	-0.130353	0.0518062	0.293738	
21.53	-0.136296	0.0582438	0.300179	
21.54	-0.138784	0.0603455	0.309283	
21.55	-0.138784	0.0587654	0.320115	
21.56	-0.138357	0.0567442	0.329882	
21.57	-0.136756	0.0533686	0.339792	
21.58	-0.134741	0.0496538	0.348758	
21.59	-0.131971	0.0451539	0.357133	
21.6	-0.128507	0.039946	0.364756	
21.61	-0.123741	0.0336828	0.372	
21.62	-0.117838	0.0264289	0.378597	
21.63	-0.113916	0.0175888	0.38478	
21.64	-0.112739	0.00696475	0.390822	
21.65	-0.107928	-0.00156309	0.394719	
21.66	-0.0975256	-0.00804975	0.397336	
21.67	-0.0884859	-0.0159528	0.399981	
21.68	-0.0820681	-0.0255099	0.402326	
21.69	-0.0783639	-0.0368368	0.404307	
21.7	-0.0670521	-0.0464086	0.405702	
21.71	-0.0542176	-0.0572268	0.407476	
21.72	-0.0415762	-0.0694155	0.409331	
21.73	-0.02852	-0.0828055	0.411189	
21.74	-0.0176761	-0.0952733	0.41337	
21.75	-0.0201624	-0.0984754	0.413519	
21.76	-0.0217145	-0.0979641	0.413196	
21.77	-0.0217438	-0.0956468	0.412888	
21.78	-0.0216433	-0.0905295	0.412073	
21.79	-0.0222006	-0.0875298	0.411974	
21.8	-0.0226951	-0.0871214	0.412798	
21.81	-0.0230735	-0.086749	0.413345	
21.82	-0.0234054	-0.0863922	0.413664	
21.83	-0.0238057	-0.085946	0.413752	
21.84	-0.0242611	-0.0854449	0.413617	
21.85	-0.0247162	-0.0849643	0.413258	
21.86	-0.0251731	-0.0845028	0.412677	
21.87	-0.0256174	-0.0840706	0.411868	
21.88	-0.0260561	-0.0836722	0.410833	
21.89	-0.0265031	-0.0832813	0.409573	
21.9	-0.0269597	-0.0829011	0.408089	
21.91	-0.0274412	-0.0825304	0.406457	
21.92	-0.0279368	-0.0821617	0.404612	
21.93	-0.0284271	-0.0817925	0.402543	
21.94	-0.028906	-0.0814201	0.400254	
21.95	-0.0293815	-0.081046	0.397752	
21.96	-0.0291442	-0.0812986	0.395011	
21.97	-0.0298557	-0.0808538	0.392097	
21.98	-0.0304824	-0.0802515	0.388964	
21.99	-0.031015	-0.0797658	0.385632	
22	-0.0306959	-0.0773753	0.383197	
22.01	-0.0297647	-0.0725156	0.381041	
22.02	-0.0283686	-0.0655827	0.379027	
22.03	-0.0265163	-0.0566093	0.377138	
22.04	-0.0297933	-0.0569408	0.374038	
22.05	-0.0290457	-0.0581812	0.370851	
22.06	-0.0320266	-0.0617187	0.367839	
22.07	-0.0348409	-0.0670269	0.364865	
22.08	-0.0370917	-0.0697875	0.362195	
22.09	-0.03912	-0.0706768	0.359512	
22.1	-0.0411918	-0.0708314	0.35695	
22.11	-0.0433007	-0.0706746	0.354503	
22.12	-0.0454349	-0.0703491	0.352218	
22.13	-0.045555	-0.0699341	0.348867	
22.14	-0.0454489	-0.0692917	0.344981	
22.15	-0.0454287	-0.0686728	0.340558	
22.16	-0.045443	-0.0680609	0.33599	
22.17	-0.0454825	-0.0674577	0.331287	
22.18	-0.0455146	-0.0668933	0.326423	
22.19	-0.0455788	-0.0663491	0.321433	
22.2	-0.0456325	-0.0657686	0.316302	
22.21	-0.0453388	-0.0655251	0.310945	
22.22	-0.0451877	-0.0654668	0.30522	
22.23	-0.0453418	-0.0640654	0.299639	
22.24	-0.0452587	-0.0627176	0.293923	
22.25	-0.0450277	-0.0613338	0.288103	
22.26	-0.044667	-0.0598288	0.282163	
22.27	-0.0441784	-0.0581662	0.276097	
22.28	-0.043491	-0.0561921	0.269974	
22.29	-0.0428841	-0.0543851	0.263671	
22.3	-0.0421577	-0.0523925	0.257263	
22.31	-0.0413233	-0.0502344	0.250752	
22.32	-0.0403857	-0.0479313	0.244135	
22.33	-0.0390561	-0.0450037	0.237445	
22.34	-0.0372434	-0.0413025	0.230679	
22.35	-0.0349368	-0.0368366	0.223839	
22.36	-0.0320927	-0.0315959	0.216927	
22.37	-0.0316574	-0.0253914	0.210352	
22.38	-0.0344992	-0.0183147	0.203929	
22.39	-0.0324733	-0.0112959	0.197052	
22.4	-0.0266259	-0.00468646	0.189978	
22.41	-0.0187172	0.00262348	0.182015	
22.42	-0.0151833	0.00698716	0.172615	
22.43	-0.0200524	0.000152733	0.159567	
22.44	-0.023153	-0.00564159	0.148293	
22.45	-0.0235032	-0.0107981	0.138389	
22.46	-0.020418	-0.0167319	0.128463	
22.47	-0.0201147	-0.0205405	0.11941	
22.48	-0.0315674	-0.018424	0.113972	
22.49	-0.0356096	-0.0188933	0.107849	
22.5	-0.0368667	-0.019795	0.100928	
22.51	-0.0379983	-0.0205452	0.0933577	
22.52	-0.0392011	-0.0214596	0.0855033	
22.53	-0.0405331	-0.0226333	0.077898	
22.54	-0.0420824	-0.0240862	0.0705217	
22.55	-0.0445987	-0.0266705	0.063069	
22.56	-0.0476271	-0.0298601	0.0560424	
22.57	-0.0512112	-0.0336269	0.0491674	
22.58	-0.0553912	-0.0380298	0.0424409	
22.59	-0.0602019	-0.0430969	0.0358574	
22.6	-0.0657265	-0.048908	0.0294118	
22.61	-0.0719937	-0.0554815	0.0230941	
22.62	-0.0790331	-0.0628363	0.016894	
22.63	-0.0755819	-0.066119	0.0193895	
22.64	-0.0703069	-0.0654805	0.0196183	
22.65	-0.065469	-0.0622657	0.0192089	
22.66	-0.0586148	-0.0595025	0.0194984	
22.67	-0.0490643	-0.058033	0.0202158	
22.68	-0.0431867	-0.0534737	0.0226063	
22.69	-0.0456911	-0.0416782	0.0252356	
22.7	-0.0416604	-0.0324324	0.0228377	
22.71	-0.0367853	-0.0255793	0.0199553	
22.72	-0.0325799	-0.0200371	0.0167792	
22.73	-0.0293865	-0.0158831	0.0133744	
22.74	-0.027337	-0.0132052	0.0100358	
22.75	-0.0265735	-0.0120781	0.0070232	
22.76	-0.0273416	-0.0126562	0.0043651	
22.77	-0.0283873	-0.0137557	0.00208327	
22.78	-0.0272105	-0.0123876	0.000101747	
22.79	-0.0260104	-0.0109439	-0.00148438	
22.8	-0.0249217	-0.0096822	-0.00273697	
22.81	-0.0245188	-0.00918432	-0.00366572	
22.82	-0.0238228	-0.00845471	-0.0042871	
22.83	-0.0233891	-0.00797424	-0.00457311	
22.84	-0.023107	-0.00768867	-0.00461585	
22.85	-0.0228066	-0.00738459	-0.00441474	
22.86	-0.0225147	-0.00708822	-0.00401062	
22.87	-0.0222286	-0.00677638	-0.00341479	
22.88	-0.0219456	-0.00644051	-0.00263416	
22.89	-0.0216608	-0.00607137	-0.00166884	
22.9	-0.0213814	-0.00567615	-0.000526539	
22.91	-0.0211026	-0.00524071	0.000801472	
22.92	-0.0208276	-0.00477665	0.00231513	
22.93	-0.0205087	-0.0042405	0.00400277	
22.94	-0.0201896	-0.00366283	0.00585888	
22.95	-0.0198942	-0.00307709	0.00789936	
22.96	-0.01987	-0.00270829	0.0101371	
22.97	-0.0214945	-0.00411372	0.0125658	
22.98	-0.0228694	-0.0058558	0.0148692	
22.99	-0.0211279	-0.0033354	0.0166177	
23	-0.019844	-0.00148212	0.019293	
23.01	-0.0188958	-0.00018599	0.0221678	
23.02	-0.0180709	0.000729572	0.0250706	
23.03	-0.0172268	0.00145098	0.0280076	
23.04	-0.0162874	0.00207415	0.0309847	
23.05	-0.0152286	0.00260614	0.0339446	
23.06	-0.0140379	0.00314651	0.0368553	
23.07	-0.0127032	0.00371991	0.0396872	
23.08	-0.011233	0.0043455	0.0424329	
23.09	-0.00975328	0.00532593	0.0451165	
23.1	-0.00833414	0.00734686	0.0478812	
23.11	-0.00636793	0.00794577	0.0505506	
23.12	-0.00434244	0.00856529	0.0530072	
23.13	-0.00241891	0.00956921	0.0551394	
23.14	-0.000504452	0.0108624	0.057043	
23.15	0.00143123	0.0123318	0.0587158	
23.16	0.00349896	0.0139416	0.0600971	
23.17	0.00423011	0.0154404	0.0622834	
23.18	0.00316162	0.0164335	0.0660222	
23.19	0.00210124	0.0173414	0.0700332	
23.2	0.00108016	0.0182506	0.074215	
23.21	6.25817e-05	0.0191998	0.0785715	
23.22	-0.000799706	0.0198587	0.0830897	
23.23	-0.00157326	0.0203369	0.0877834	
23.24	-0.00243174	0.0209892	0.0926137	
23.25	-0.0033906	0.0218457	0.0975702	
23.26	-0.00523028	0.0216785	0.103054	
23.27	-0.0062852	0.0215361	0.108575	
23.28	-0.0078942	0.0224899	0.114027	
23.29	-0.00879601	0.025621	0.119135	
23.3	-0.0100976	0.0285239	0.124448	
23.31	-0.0116499	0.0311189	0.129989	
23.32	-0.0131995	0.0331717	0.135761	
23.33	-0.0148248	0.0351801	0.141555	
23.34	-0.0165776	0.037314	0.147419	
23.35	-0.0184836	0.0396342	0.15333	
23.36	-0.0205558	0.042159	0.159301	
23.37	-0.0227458	0.0448016	0.165327	
23.38	-0.0249126	0.0473351	0.171391	
23.39	-0.0270834	0.0497996	0.177469	
23.4	-0.0292736	0.0522324	0.183588	
23.41	-0.0317965	0.0550943	0.189704	
23.42	-0.0343548	0.0579479	0.195826	
23.43	-0.0370219	0.0608819	0.201954	
23.44	-0.0396758	0.0637212	0.208047	
23.45	-0.0423043	0.0664459	0.214125	
23.46	-0.0449947	0.0691831	0.220174	
23.47	-0.0480236	0.0723186	0.226217	
23.48	-0.0502903	0.0744698	0.232469	
23.49	-0.0523725	0.0761829	0.238387	
23.5	-0.0543998	0.0777699	0.244198	
23.51	-0.0562163	0.0790479	0.24993	
23.52	-0.0578855	0.0800992	0.255545	
23.53	-0.0594627	0.0810131	0.261038	
23.54	-0.0610675	0.0819494	0.266426	
23.55	-0.062631	0.082808	0.271701	
23.56	-0.064096	0.0835466	0.276846	
23.57	-0.065413	0.0840972	0.281857	
23.58	-0.0665269	0.0843995	0.28672	
23.59	-0.0673797	0.0843926	0.291424	
23.6	-0.0679152	0.08402	0.295959	
23.61	-0.0680775	0.0832261	0.300315	
23.62	-0.0678096	0.0819533	0.304487	
23.63	-0.0670624	0.0801622	0.308461	
23.64	-0.0657927	0.0778073	0.31224	
23.65	-0.0639425	0.0748381	0.315815	
23.66	-0.0614615	0.0712092	0.319183	
23.67	-0.0583016	0.0668774	0.322337	
23.68	-0.0544139	0.0618058	0.325269	
23.69	-0.049763	0.0559654	0.327989	
23.7	-0.0443261	0.0493295	0.330506	
23.71	-0.037927	0.0419238	0.332789	
23.72	-0.0307318	0.0336137	0.334907	
23.73	-0.0226773	0.0242432	0.336905	
23.74	-0.0136173	0.0139154	0.338757	
23.75	-0.00353148	0.00258645	0.340484	
23.76	0.00760828	-0.00978676	0.342112	
23.77	0.0182165	-0.0235419	0.343482	
23.78	0.0320278	-0.0379433	0.344987	
23.79	0.0469911	-0.0536354	0.346477	
23.8	0.0629781	-0.0706294	0.348127	
23.81	0.0801188	-0.0890074	0.349919	
23.82	0.0985629	-0.108723	0.351969	
